((12,((37,28),32)),41);
((37,(41,12)),(28,32));
(50,40,(31,19));
(((90,79),78),98);
((22,15),(((21,46),(8,(14,(51,24)))),(43,17)));
((39,4),33,((((((35,44),(30,((20,27),9))),18),((45,6),((7,(37,(28,32))),(12,41)))),((((31,(50,(40,(11,19)))),(5,(1,47))),((38,(((52,(26,(2,16))),(49,3)),(25,(48,29)))),36)),(23,10))),(13,(17,((8,(14,51)),(43,(21,46)))))));
((24,(17,(46,(21,43)))),(33,(39,4)),(13,51));
((1,47),(50,11),(5,36));
(((((46,21),14),((24,51),(43,17))),13),(36,(15,22)),(33,(39,4)));
((84,76),(((95,(57,((83,88),((56,(89,100)),((((82,(64,97)),(68,(55,(67,((54,87),96))))),(((78,98),((90,79),((66,59),60))),((53,(91,(80,74))),(94,(65,(63,85)))))),(70,((58,(93,(71,(62,99)))),(92,(75,86))))))))),73),(61,69)),(72,77));
((42,25),48,29);
(53,((80,(74,91)),(63,(65,85))));
((((57,89),(100,56)),(81,(83,88))),95,(69,((77,(73,72)),(61,(76,84)))));
(53,(65,(91,(74,80))));
(98,90,(79,78));
((27,20),10,23);
(((((47,1),5),36),((31,((40,19),(11,50))),(42,(25,(29,48))))),(((27,20),(35,44)),(18,((45,6),(7,((41,12),(32,(28,37))))))));
((((26,3),((5,47),1)),(48,(((((((2,16),52),38),49),42),25),29))),(40,((19,31),11)),36);
(((8,14),(17,((43,((((4,39),33),46),21)),((24,51),13)))),18,(((((((73,(69,(84,76))),(86,75)),((95,(61,77)),(81,(((((100,89),57),56),83),88)))),(((92,((((94,71),70),99),93)),((58,(90,(79,78))),(((53,(80,(74,91))),(65,98)),(85,63)))),(72,(60,(66,59))))),62),36),((52,((49,(38,26)),(2,(16,3)))),((((29,((6,45),((41,(((7,28),32),37)),12))),(42,(48,25))),(27,20)),(((34,(30,9)),(5,((19,((50,40),31)),11))),(44,35))))));
(((74,91),(53,80)),65,(63,85));
(49,(3,(16,2)));
(1,(47,36));
(81,((69,(95,((84,76),77))),72));
(((53,((63,85),65)),((80,(74,91)),94)),((66,59),(60,98)),((90,78),79));
((49,2),(25,48),38);
((2,(16,3)),(29,(48,42)),(25,(31,((19,40),(50,11)))));
((((10,23),((18,((20,27),(9,(34,30)))),(35,44))),(((33,(17,(43,(46,21)))),(15,22)),(51,((8,14),24)))),((25,(29,(42,48))),26),(5,(1,((((((60,((78,(90,79)),(98,(59,66)))),((((65,(85,63)),94),(74,(80,91))),53)),(83,((88,(((75,86),(((((99,62),71),(58,93)),92),70)),((89,56),(57,100)))),81))),((82,(64,97)),((68,(67,(96,(54,87)))),55))),0),36))));
(98,(94,(((91,80),74),53)));
((86,(((70,92),((99,62),(93,71))),((95,61),(((76,73),77),69)))),((64,(97,82)),((87,54),(67,(68,96)))));
(61,(68,((((64,55),87),54),96)),(67,97));
((88,((((((70,81),56),100),57),89),83)),(75,86),92);
((((((8,(46,((43,(33,13)),21))),((22,15),14)),(((24,51),17),(4,39))),((3,(16,2)),((((((1,47),5),38),26),52),49))),(34,(9,((((20,27),35),44),30)))),(7,(((12,32),37),28)));
((86,75),((99,(((70,92),71),93)),62));
(((((85,(65,63)),((91,(((98,90),79),78)),(59,66))),(72,76)),(((75,((((62,99),93),58),70)),92),((97,(55,((82,(((68,87),67),54)),64))),96))),((((33,((((17,13),43),24),4)),((14,8),39)),(51,(46,21))),22),(31,(((5,(((((((26,2),16),38),52),49),40),19)),((12,41),((((32,28),18),10),(23,(((((((((30,9),44),35),27),20),37),6),45),7))))),((3,(48,(42,(29,25)))),(11,50)))));
(30,9,(20,27));
(33,(17,(21,46)),43);
(61,(((((72,((((((((75,86),71),58),93),92),70),62),99)),69),95),73),84),76);
((58,(93,71)),92,70);
(60,(59,66));
(17,15,(4,(((22,39),13),((((24,(14,8)),51),(21,43)),(33,46)))));
((60,98),(((53,94),85),65));
((37,(28,32)),(12,41));
(96,(68,97),((64,82),((55,54),67)));
((86,75),93,((99,62),(58,71)));
((72,(69,(((100,((((83,88),57),(81,56)),89)),((76,84),(61,77))),73))),(((70,92),62),(71,(93,(58,99)))),(75,86));
((((46,21),(43,17)),13),14,8);
((45,((41,(28,12)),(32,37))),((((2,((3,49),16)),((26,38),(48,(29,(42,25))))),52),(((50,19),((36,5),(31,40))),11)),(20,27));
(34,(((30,9),(((6,45),(((12,(28,37)),32),(7,41))),(20,27))),((39,33),(22,15))),(26,((38,((11,(50,(31,(19,40)))),(36,47))),(((48,(29,(25,42))),49),((3,2),(16,(18,(5,1))))))));
(((41,7),12),(28,(37,32)));
((28,(37,32)),12);
(31,(40,19),(11,50));
(48,(25,42));
(39,((33,((22,((14,8),(51,24))),13)),(((((44,(20,27)),((30,9),34)),(((6,45),(7,(37,(41,((12,32),28))))),(18,(10,23)))),(38,(25,(((((((5,(47,1)),(50,(11,(40,(19,31))))),2),16),3),(49,(26,52))),(48,(29,42)))))),36)),4);
((92,70),(93,58),(62,99));
(2,(16,38));
(2,((((3,16),26),38),49));
((21,46),(51,43));
(24,((57,(100,89)),56),((81,(83,88)),(((55,((96,(54,87)),(82,(97,67)))),((73,(69,(95,72))),((77,61),(84,76)))),(0,((((74,(91,80)),((85,63),(53,65))),94),((90,((79,78),98)),(60,59)))))));
((11,((19,(31,50)),40)),36);
((24,51),8,14);
((21,46),43,17);
(16,((49,38),26));
(((12,(6,45)),(((32,37),41),(28,7))),(((11,(19,31)),(40,50)),((48,(42,(25,29))),(5,(1,36)))));
(96,(87,(((((68,82),55),64),67),54)));
(77,(((56,(88,89)),(81,(57,100))),83),(76,((69,72),(61,((84,73),95)))));
(((92,((((58,71),93),(62,99)),((81,((88,((89,100),(57,56))),83)),70))),(86,75)),((68,(10,(((((34,((44,35),(30,9))),(27,20)),(((((47,36),(5,1)),(((50,11),(31,40)),19)),((((2,16),3),(38,(49,52))),26)),(42,(29,(25,48))))),(18,((45,6),((12,41),(28,32))))),23))),((67,(96,(54,87))),(55,(97,(64,82))))),(94,(((90,(79,78)),(59,(66,60))),((53,(91,(74,80))),(65,(63,85))))));
((97,(64,(82,(((87,54),96),67)))),((((77,((61,(69,95)),(72,73))),(84,76)),(81,(83,((88,(89,100)),(56,57))))),((92,(((93,58),(71,(62,99))),70)),(75,86))));
(95,(83,57),89);
((5,(1,47)),50,11);
(18,36,((16,(38,((49,26),52))),((3,2),((25,42),(48,29)))));
((10,23),20);
((20,((27,35),34)),(44,(30,9)));
(60,94,(((53,(((80,74),91),(85,(65,63)))),((90,(78,79)),98)),(59,66)));
((13,22),4,((17,(24,51)),15));
((15,(14,8)),((21,46),((13,43),17)),22);
(((56,(88,(81,57))),(83,(100,89))),75,86);
((((((24,51),(17,(8,14))),(46,(21,43))),((4,(39,(10,23))),33)),(13,15)),(45,6),((32,(37,28)),((12,41),7)));
((99,(93,58)),71,62);
(((45,6),(((10,23),(37,((32,28),(41,12)))),(((38,26),((3,(16,2)),(49,52))),((50,(11,(19,(40,31)))),((48,25),(29,42)))))),(15,((13,(43,(24,(((8,14),51),(21,(17,46)))))),(33,(39,4)))));
((45,6),((((12,41),28),32),37),7);
((61,(88,(96,(((64,(82,55)),67),(97,(54,87)))))),((57,((58,(86,(92,75))),(71,((99,62),93)))),83));
(((72,(((76,84),61),69)),(95,(88,((((81,89),100),57),83)))),77);
((8,14),(24,((17,46),43)),21);
((4,22),21,17);
((((((6,45),((37,((32,28),41)),(12,7))),(23,10)),((30,9),(34,((27,20),(44,35))))),(3,((49,18),((48,(((((16,52),26),38),29),42)),(2,25))))),(((43,17),((24,51),(8,14))),33));
((79,(90,78)),((((66,59),(((85,60),(53,((91,80),74))),(63,65))),(98,94)),((62,(87,(97,(82,(55,64))))),(72,((93,((((((((((89,100),56),83),77),61),76),84),95),69),73)),57)))));
((71,(58,93)),(62,99),(70,92));
(((((80,91),(65,(85,63))),74),53),60,((59,66),((90,78),(79,98))));
(94,65,(85,63));
((40,(19,31)),50,11);
(38,52,(22,15));
(((((7,(12,41)),(45,6)),((34,(10,23)),((((9,(((((((3,2),16),52),49),26),38),30)),(20,27)),(18,((((31,19),(1,((36,47),5))),(50,11)),(48,42)))),(44,35)))),(25,29)),((4,(((24,(17,51)),(8,14)),22)),(13,(39,((43,21),46)))));
(((69,((95,(((56,((57,100),89)),83),(81,88))),72)),73),(77,(61,76)));
((81,(88,95)),83,((77,(84,(61,76))),(72,(73,69))));
((12,41),(7,(32,28)),(45,6));
((98,(90,(79,78))),94,(63,65));
(((69,((77,(61,95)),((84,76),72))),73),((75,(((62,99),(58,93)),(70,92))),86),((100,(83,(89,57))),88));
(61,(70,((93,58),(71,(99,62)))));
(((((62,99),(93,(71,58))),(86,75)),(70,92)),(((81,88),((((57,100),89),56),83)),(((95,(76,84)),((73,(69,77)),61)),72)));
