((43,21),46,17);
((13,((24,((((17,43),46),21),14)),8)),(22,15),((33,(39,4)),(((23,10),((((5,1),(47,36)),((50,((40,19),11)),31)),((3,(((52,26),16),2)),(49,38)))),((32,(7,12)),41))));
((86,(((70,92),(62,99)),71)),(72,75),57);
((55,97),67);
(73,(69,61));
(94,(53,(((74,80),91),(65,(63,85)))),((66,(60,59)),(79,(78,90))));
(98,60,(59,66));
(53,((80,(74,91)),(63,(65,85))));
((6,(7,((12,41),(37,(32,28))))),(23,10),(22,((((34,(30,9)),((27,20),(15,18))),(35,44)),((((5,1),(36,47)),((31,(50,11)),(19,40))),((29,(48,(42,25))),(16,(((38,3),49),2)))))));
((23,10),(50,(31,(19,(40,11)))),(((48,(25,29)),42),((((3,(16,2)),38),((36,49),52)),26)));
(39,(22,15),(((13,(((14,8),(51,24)),((43,17),(46,21)))),4),33));
(33,(17,(21,46)),(51,((8,14),24)));
(29,48,(42,25));
((((16,3),((2,(52,49)),38)),26),((47,(1,(11,(((40,31),19),50)))),(5,36)));
(49,(3,(16,2)));
((47,5),1,(11,50));
((10,(((7,(41,((37,(32,28)),12))),(((47,1),((((48,29),(25,42)),((26,(38,49)),52)),((50,40),19))),36)),23)),(((39,4),33),((13,(22,15)),(24,51))));
(((62,99),((92,70),(58,(93,71)))),(75,86));
((36,((30,(34,(20,27))),35)),13,((24,51),((8,14),((46,(17,21)),43))));
(48,29,(25,42));
((2,(16,3)),(29,(48,42)),(25,(31,((19,40),(50,11)))));
((43,(8,13)),4,39);
((86,(((70,92),((99,62),(93,71))),((95,61),(((76,73),77),69)))),((64,(97,82)),((87,54),(67,(68,96)))));
(((53,94),((65,((74,(80,91)),(63,85))),60)),(83,88),((((55,(82,(97,64))),((96,((54,87),67)),68)),81),(((75,86),((70,92),((62,99),(93,58)))),(84,(((61,72),69),95)))));
((29,47),(23,(27,20)),(44,35));
((9,34),30,(35,18));
((86,75),((99,(((70,92),71),93)),62));
(73,((((((((((75,(60,(((90,(59,66)),79),78))),70),56),100),89),57),83),76),84),95),61);
(((96,(((68,54),87),67)),(55,94)),95,(72,((92,(((((84,76),61),77),69),73)),(((99,((93,58),71)),(62,81)),(((((53,((63,65),85)),((89,56),(100,57))),(83,88)),(86,75)),70)))));
(((91,(74,80)),(65,(85,63))),(94,53));
(29,25,(42,48));
(52,(50,((40,11),(31,19))),(1,(5,36)));
(55,((68,(87,54)),(67,96)));
((36,(((1,47),(((9,((18,34),(30,(27,20)))),((10,23),(33,(((((43,((51,24),(8,14))),(17,(21,46))),(22,13)),4),39)))),(((29,(48,(25,42))),(6,((32,((((37,12),41),28),7)),45))),((38,((26,((3,2),16)),52)),49)))),(50,(11,(40,(31,19)))))),((((((91,80),74),(94,((65,(63,85)),53))),98),(66,59)),((79,90),78)));
(((94,(63,(65,85))),((59,66),60)),((53,(80,(91,74))),(90,(98,(79,78)))));
((86,75),93,((99,62),(58,71)));
((((45,6),(41,(12,(37,(28,32))))),((17,18),((73,(((72,(((77,61),84),69)),((81,(88,83)),56)),(95,76))),((((99,93),(71,(58,62))),((86,75),(92,70))),((98,(90,(79,78))),(60,(66,59))))))),10,23);
((72,(69,(((100,((((83,88),57),(81,56)),89)),((76,84),(61,77))),73))),(((70,92),62),(71,(93,(58,99)))),(75,86));
((((16,2),(52,3)),49),(26,(38,(5,((1,(36,50)),47)))));
(67,(96,(54,87)),(68,(55,(97,82))));
(((((74,(91,((85,63),65))),80),53),((60,94),((66,59),((90,(78,79)),98)))),((76,84),(((((77,((88,89),73)),((92,83),((81,(95,61)),(((99,62),((75,86),(58,93))),71)))),(57,72)),(100,56)),69)),(67,(68,((((64,97),82),55),(54,(87,96))))));
((((46,21),(43,17)),13),14,8);
(59,(79,78));
((((55,((68,64),(82,97))),(96,67)),(87,54)),(91,(80,74)),((98,((78,79),90)),((59,60),66)));
(93,(58,99),((62,(75,86)),(71,((92,(((88,(81,83)),(76,84)),((77,(61,(72,(69,95)))),(73,(89,(100,57)))))),70))));
(((72,((69,((76,61),77)),(73,(95,84)))),((83,88),(81,(56,(89,(100,57)))))),((99,62),(86,75)),(71,(92,70)));
(48,(25,42));
((((9,30),(44,35)),34),((10,23),((45,6),((41,12),(7,(32,(37,28)))))),((((5,(47,1)),(((31,19),(50,11)),40)),(((3,(2,16)),(26,((52,49),(25,(48,29))))),(36,38))),((22,(39,4)),18)));
((((((19,31),(50,11)),40),((5,(1,36)),47)),48),((3,(16,2)),((38,(49,26)),52)),((25,29),42));
(((52,49),(26,38)),(3,2),16);
(((27,20),(((((2,((50,((19,31),(40,11))),(16,3))),(42,(29,25))),(48,(26,52))),(38,49)),(5,47))),(6,45),(30,(34,9)));
((8,14),51,24);
((51,24),14,8);
((21,46),(51,43));
((39,4),33);
((((36,(32,37)),28),(41,((6,45),12))),(((15,21),13),((((8,14),17),46),24)));
(((((11,50),(40,(19,31))),(5,(47,1))),36),(((29,25),(42,48)),(2,((16,52),(49,(38,26))))),((23,10),(18,((30,34),((27,20),(35,44))))));
((39,((4,17),(((14,8),(22,15)),((24,(51,13)),((46,21),43))))),33,18);
(((29,((38,26),(((11,50),(31,(19,40))),(47,(1,5))))),(((10,23),(((37,32),(12,41)),((6,45),(7,28)))),((27,20),(18,((34,(44,35)),(9,30)))))),(4,39),((15,22),(33,(17,((13,(51,(8,14))),(24,(43,(46,21))))))));
(((33,(17,(43,(21,46)))),(39,4)),22);
(18,((27,20),(((44,9),(35,34)),30)));
(((94,(66,(59,60))),((63,85),53)),98,(90,(78,79)));
(96,(87,(((((68,82),55),64),67),54)));
(6,37,(32,28));
(100,(81,(89,56)),57);
(50,(40,11),(31,19));
(60,(((78,(79,90)),(91,((53,(65,(85,63))),(74,80)))),(98,94)));
(11,50,(19,(40,31)));
(7,(45,6));
(13,(33,(39,4)));
(((72,(((73,(95,(76,84))),69),(77,61))),(((90,(79,78)),(((66,60),59),(94,((74,(80,91)),(63,(85,65)))))),98)),(15,0),((((31,(((47,(5,1)),11),(50,19))),(((38,(16,2)),(48,(42,(29,25)))),(26,(52,49)))),3),((43,(17,(46,21))),((8,13),((14,(51,24)),(((((35,44),(9,(34,30))),(27,20)),(28,((7,(45,6)),(37,32)))),(23,10)))))));
((10,23),20);
((53,65),(85,63),94);
((((67,(54,87)),(68,(82,(64,97)))),(55,96)),75,((((99,(93,(58,71))),(62,70)),92),((61,(72,(76,(95,77)))),((73,(69,(((83,88),57),((89,56),(100,81))))),84))));
(31,(23,10),(36,(1,(47,5))));
((((34,9),((30,((67,(97,82)),(68,((96,(((74,94),(91,((65,(63,85)),(((79,78),90),(60,(59,66)))))),80)),(87,54))))),(18,(6,(7,((37,(32,28)),(12,41))))))),(35,44)),((25,(48,(42,29))),(26,((52,((5,(1,47)),38)),(49,(3,(2,16)))))),(27,20));
(69,(76,84),((95,(61,77)),(73,72)));
(0,(94,((80,(74,91)),(53,((63,85),(65,((79,(78,90)),(59,(66,60)))))))),(((68,((67,97),54)),(82,(96,64))),(((92,70),((71,((93,58),(99,62))),(75,86))),((88,83),(81,((89,57),(100,56)))))));
(4,(((21,(39,33)),24),13));
(53,65,(63,85));
(88,(((((((73,77),95),81),100),57),56),89));
(66,((90,(79,78)),60));
((22,15),((13,(14,8)),(4,(39,33))));
((18,((23,10),((6,45),(7,((32,(37,28)),(12,41)))))),((((((17,(43,(21,46))),(14,8)),(51,24)),13),(4,39)),33),(22,15));
((((((95,76),61),(89,83)),(100,(((((69,84),77),81),57),56))),73),88);
((62,((92,70),(58,(71,99)))),75,86);
((36,((31,(50,(((3,((2,((38,26),16)),49)),52),((((5,47),11),19),40)))),1)),18,(34,((20,27),(((((45,6),((28,32),((41,(37,12)),7))),(23,10)),(15,(24,(51,(((17,(21,46)),13),((14,8),((43,(33,4)),39))))))),(9,30)))));
((((((33,13),((4,39),22)),(8,(51,24))),(15,(14,(43,21)))),(((((49,(2,16)),(3,(26,38))),52),((27,20),((36,((31,(40,19)),11)),(48,((25,42),29))))),(((12,41),(7,((37,(6,45)),(28,32)))),(47,1)))),((44,35),(34,(9,30))));
(63,((55,(68,(((54,(67,87)),((97,82),64)),96))),(((27,20),(((39,(14,8)),(33,(13,21))),(((((35,44),(((38,(47,50)),((11,26),(19,(40,31)))),(5,(1,36)))),52),(((51,24),(29,((42,48),25))),2)),((16,(23,49)),3)))),(((10,(12,(37,((7,(45,6)),(28,(41,32)))))),15),(((30,9),34),18)))),(53,59));
(7,(45,6),(34,(((20,(9,30)),(((50,40),((3,(((42,25),(29,48)),(((49,52),(26,38)),(16,2)))),((5,(36,47)),((31,19),1)))),18)),(22,15))));
(4,(24,51),14);
(18,33,(((17,(43,(46,21))),(15,22)),(13,(24,51))));
((79,78),98,90);
(36,(33,(46,17)),(22,((24,51),(14,8))));
(71,58,(93,(99,62)));
((((59,66),(60,(98,(78,(79,90))))),(88,(83,((56,(57,89)),(81,100))))),(75,86),((71,70),((62,99),(93,58))));
(61,(84,((77,72),(69,73))),(76,95));
(67,68,(54,96));
(((((62,99),(93,(71,58))),(86,75)),(70,92)),(((81,88),((((57,100),89),56),83)),(((95,(76,84)),((73,(69,77)),61)),72)));
