((23,10),(((12,((50,11),(49,(((52,29),((48,(((((19,31),2),16),42),25)),(26,38))),(3,(1,(5,(47,36)))))))),(32,((28,37),(7,(45,6))))),41));
((25,((29,42),48)),((49,(26,16)),(2,(3,52))),(38,(((((((7,(((28,37),32),41)),12),(45,6)),10),((23,((30,9),(34,(44,(35,(27,20)))))),18)),((15,(39,33)),((8,(17,14)),(13,24)))),((50,(19,(11,31))),(5,(1,36))))));
(((90,79),78),98);
((81,70),(100,89));
((((7,(6,45)),((50,((19,31),(11,40))),((42,(48,25)),(38,(52,((49,26),(16,(2,3)))))))),(23,10)),34,((30,9),((20,27),(44,35))));
(31,40,(11,19));
(91,((74,80),53));
((1,47),(50,11),(5,36));
((((49,52),((16,3),2)),((38,25),(29,(42,48)))),((4,((43,(21,46)),(17,13))),(33,(15,22))),((((40,(31,19)),(11,50)),(5,(47,(36,1)))),((34,(9,(30,35))),(18,((6,45),(41,(7,(12,((28,32),37)))))))));
(6,(((((35,(20,44)),30),9),34),12),45);
((((90,(79,(98,78))),((((91,(74,80)),53),((85,63),65)),(59,(66,60)))),((70,(92,(((93,58),(99,62)),71))),((68,(67,(96,(54,87)))),(97,(64,(82,55)))))),(61,(77,72)),(((69,73),(76,84)),(95,((83,81),(57,((100,(88,89)),56))))));
(40,11,((19,50),31));
(13,(17,(18,15)),39);
((48,(25,(42,29))),((5,((47,1),(19,(31,40)))),(36,(11,50))),(38,(((16,26),(49,52)),(2,3))));
(((8,14),(17,((43,((((4,39),33),46),21)),((24,51),13)))),18,(((((((73,(69,(84,76))),(86,75)),((95,(61,77)),(81,(((((100,89),57),56),83),88)))),(((92,((((94,71),70),99),93)),((58,(90,(79,78))),(((53,(80,(74,91))),(65,98)),(85,63)))),(72,(60,(66,59))))),62),36),((52,((49,(38,26)),(2,(16,3)))),((((29,((6,45),((41,(((7,28),32),37)),12))),(42,(48,25))),(27,20)),(((34,(30,9)),(5,((19,((50,40),31)),11))),(44,35))))));
(94,((91,(80,74)),(53,(65,(63,85)))),((60,((90,(78,79)),(66,59))),((75,86),((83,(((69,((81,(56,89)),(100,57))),73),((72,(61,((77,88),95))),(84,76)))),(68,(((((67,97),82),64),(87,54)),55))))));
((((63,65),85),(80,(74,91))),((98,((78,79),90)),(60,(59,66))),(53,94));
(55,(96,(68,(54,87))),((97,82),64));
((47,5),1,(11,50));
(92,(((67,(87,54)),(68,96)),(97,(64,55))));
((44,35),(1,(36,(47,5))),(15,22));
((7,(41,((37,(32,28)),12))),(45,6),((18,(((11,(40,(31,19))),(36,(5,(1,47)))),(((24,34),((27,20),(35,44))),(((((((((48,29),25),42),3),38),26),((49,52),(16,2))),((51,(((43,13),(21,46)),(((8,14),22),(33,(4,39))))),17)),(23,10))))),(((((70,92),((93,(71,(62,99))),58)),(((57,(89,100)),(81,(56,(83,88)))),(75,86))),(68,(87,(96,(64,82))))),((94,((65,(63,85)),((91,(74,80)),53))),(66,59)))));
((1,((50,11),47)),5,(19,31));
(96,68,(67,87));
(94,((80,(74,91)),((65,((90,(79,78)),98)),(60,(59,66)))));
(67,(96,(68,((64,82),(55,97)))));
(((21,46),((((24,15),13),(39,((((43,8),14),51),33))),(45,17))),35,6);
((9,34),30,(35,18));
(48,((26,((((((((1,((((((((((10,18),9),34),11),40),31),19),36),47),5)),42),25),2),3),16),49),38)),30));
(0,((78,((29,(25,42)),(((47,1),5),((3,(7,(9,30))),(41,((((((((((((((((((((20,27),44),34),11),31),40),50),36),38),26),49),52),16),2),6),45),28),32),37),12)))))),(90,79)),((94,(93,((75,((((70,92),58),71),86)),(62,99)))),(66,(98,59))));
((57,((((((((77,69),73),95),61),76),84),89),100)),88,83);
(73,((((((((((75,(60,(((90,(59,66)),79),78))),70),56),100),89),57),83),76),84),95),61);
(58,(99,(93,62)),((92,70),71));
(((((81,98),69),(((((87,((68,67),(96,54))),55),97),64),(94,((((((91,74),80),53),65),63),85)))),92),88,((((77,95),61),84),76));
((((97,55),68),64),54,(96,67));
((83,(86,((75,(((((57,89),56),88),61),84)),100))),((69,81),((((62,(76,95)),(99,(71,((((73,77),70),58),93)))),72),92)),(97,(55,((((64,82),68),(54,87)),67))));
((35,44),34,(20,(((((45,6),(((28,(37,32)),(10,23)),(12,41))),(5,((((48,(((16,(((52,38),49),2)),(3,47)),26)),29),36),(((46,(((33,39),13),24)),(4,(21,51))),((14,8),(22,15)))))),27),(18,(0,((((94,((80,(91,74)),((60,(66,59)),(79,(78,90))))),(65,(63,85))),(81,((75,86),((73,(((69,77),76),84)),((61,(100,((83,(88,72)),((57,89),56)))),95))))),((67,(68,(87,54))),((64,82),(96,55)))))))));
(29,25,(42,48));
(94,53,(((85,63),65),(91,(80,74))));
((59,(((79,90),78),60)),98,(((74,((((53,94),63),85),65)),80),91));
((94,(63,85)),90,(78,79));
((60,98),(((53,94),85),65));
((((18,(44,35)),((48,((42,29),25)),((49,(((16,((26,3),2)),52),38)),(11,((36,50),(5,(47,1))))))),(23,10)),(((27,20),30),9));
((29,(38,(25,42))),((2,(49,26)),((3,48),(16,52))));
((((31,(((40,19),11),50)),((48,(42,25)),((18,(3,((26,((2,16),38)),(49,52)))),((23,10),((((27,20),(30,9)),(34,(35,44))),((6,45),(7,((41,12),(28,(37,32)))))))))),(5,1)),47,36);
(67,(96,(54,87)),(68,(55,(97,82))));
(((17,(12,(((41,(28,(45,6))),32),37))),((33,((4,39),(22,15))),(34,((44,35),(20,27))))),((46,13),(21,((24,51),(14,8)))),43);
(42,25,(29,48));
((66,59),60);
(9,30,((18,(27,20)),((44,35),((34,(((55,(82,(64,97))),(87,(54,(96,67)))),(((85,63),((53,((74,80),91)),(94,65))),((79,60),(78,(90,98)))))),(23,((((13,51),((17,((14,8),(21,46))),43)),(4,(33,39))),(10,(15,22))))))));
((7,((12,41),(28,(37,32)))),6,45);
((97,(96,(55,(68,64)))),67);
(((13,22),(((8,14),(51,24)),(17,(46,21)))),(33,(4,39)));
(15,((8,14),(24,(21,(43,46)))),((4,39),33));
(((48,(29,42)),25),((26,38),((49,52),((2,16),3))));
(22,((13,(17,(14,8))),((43,(21,46)),(24,51))));
(24,51,(((14,8),((4,33),39)),(13,(17,(46,21)))));
((74,(91,80)),(66,59),60);
((93,((99,62),((58,70),71))),(((69,72),((73,(76,61)),95)),(((57,((56,100),89)),(81,(88,83))),84)));
((33,(39,4)),(46,(43,21)),24);
(((92,(70,75)),(93,(71,(58,(62,99))))),(98,((66,(60,59)),((78,79),90))),(57,(((73,76),((77,84),(81,(61,95)))),(72,(83,88)))));
(((20,27),(34,(9,30))),((2,16),(((26,((52,49),3)),38),((19,(40,(11,50))),(36,(5,(1,47)))))),(29,(48,(42,25))));
(((17,((((24,51),(13,((((33,4),(22,15)),39),(46,21)))),(14,8)),43)),(10,23)),((((3,(((48,49),52),26)),(38,(2,(16,29)))),(31,(((40,(11,5)),50),19))),(25,42)),((6,45),((12,41),(32,(37,28)))));
(6,37,(32,28));
(26,38,(((52,((47,(1,((50,(40,31)),(19,11)))),49)),(3,(2,16))),(48,(42,(29,25)))));
((65,(63,85)),91,(80,74));
((98,(60,(66,59))),(53,(80,((63,(85,65)),(91,74)))),(90,(78,79)));
(52,26,(2,49));
(51,24,(8,14));
(((72,(((73,(95,(76,84))),69),(77,61))),(((90,(79,78)),(((66,60),59),(94,((74,(80,91)),(63,(85,65)))))),98)),(15,0),((((31,(((47,(5,1)),11),(50,19))),(((38,(16,2)),(48,(42,(29,25)))),(26,(52,49)))),3),((43,(17,(46,21))),((8,13),((14,(51,24)),(((((35,44),(9,(34,30))),(27,20)),(28,((7,(45,6)),(37,32)))),(23,10)))))));
(18,36,((16,(38,((49,26),52))),((3,2),((25,42),(48,29)))));
((87,(67,96)),70,((93,58),((75,86),92)));
(((53,((60,98),(79,(78,90)))),((65,((80,74),91)),94)),((((55,67),((54,(87,96)),68)),(97,64)),((86,(62,(99,((70,(93,58)),(71,92))))),(81,((56,100),((57,89),((83,88),((69,(84,(95,(77,61)))),(73,72)))))))));
(92,70,(((93,71),58),(((86,75),(61,((84,76),(73,(72,((((88,83),(100,((57,89),(56,81)))),(((53,((74,(80,91)),(65,(85,63)))),((94,66),60)),77)),(69,95))))))),(99,62))));
(98,90,(79,78));
((((75,86),((58,93),(70,92))),((100,((57,89),(((83,88),81),56))),(((76,(84,69)),(73,72)),(77,(61,95))))),((67,(68,(96,(54,87)))),(64,(82,97))),55);
(((68,(96,(54,(67,87)))),(98,((((92,(58,(70,(99,62)))),93),71),((((73,(72,69)),(76,84)),(77,(95,61))),(81,(((100,57),89),(56,(83,88)))))))),(18,((37,(41,(7,((32,28),12)))),((45,6),(((20,27),(34,(9,30))),(((23,10),((13,((24,51),(8,14))),(46,21))),(52,(((25,29),((2,16),((38,(26,49)),((((50,11),(31,(40,19))),((1,36),(47,5))),3)))),(48,42)))))))));
((((9,(30,34)),((35,44),(20,27))),18),(7,((41,(28,(12,(37,32)))),(45,6))));
(((80,(74,(91,53))),(60,((90,94),((59,66),(79,78))))),(((39,22),(33,4)),((14,8),(13,((24,51),(17,43))))),(((10,23),(((((52,((50,((40,19),31)),11)),(1,(38,((3,(48,(42,(25,29)))),26)))),49),(36,5)),((((28,(32,(41,12))),37),(7,(45,6))),((20,27),(44,(35,(34,(30,9)))))))),15));
(56,(((((69,(61,(((((95,77),76),84),73),72))),83),57),100),89));
((62,((92,70),(58,(71,99)))),75,86);
((82,(55,(97,64))),67,(96,((54,87),68)));
(91,(98,74),80);
(((((((72,((77,61),73)),(69,95)),(84,76)),(((89,(100,81)),(88,83)),(57,56))),(70,92)),(75,((20,(27,17)),((((25,(48,((((16,2),3),(26,((49,52),38))),(29,42)))),(((((9,(30,((6,45),(12,((32,(41,7)),(37,28)))))),(35,44)),18),10),34)),23),(22,((33,4),((13,((51,24),(8,14))),(21,46)))))))),98,((79,(78,90)),(60,(94,(53,(((63,85),(80,(74,91))),65))))));
((36,(5,((11,19),(31,40)))),1,(3,47));
(18,(((49,((23,10),(7,(16,(2,3))))),(26,((((34,(45,6)),(30,(27,20))),9),52))),(38,((48,29),(25,42)))));
((30,((44,35),18)),(34,9));
((12,(((6,45),(7,41)),(20,27))),((((5,1),(36,47)),(11,50)),40),(23,10));
((91,(74,80)),53,(65,(85,63)));
(18,((((20,44),(((9,34),35),(27,30))),(48,((26,((36,(47,(5,(31,((50,(40,19)),11))))),38)),((2,16),(23,10))))),((4,33),((24,((46,43),21)),14))));
(71,58,(93,(99,62)));
((9,30),(((7,(37,((12,41),(32,28)))),((43,((((8,14),24),51),((((20,27),15),(22,17)),13))),(21,46))),((36,(5,(47,1))),(33,(4,39)))),34);
((23,10),(45,6),(7,(37,(32,28))));
(56,57,(83,88));
(((57,100),(89,56)),81,88);
(74,91,(85,63));
(((96,(87,54)),((68,(82,64)),97)),(75,(((62,99),(71,(58,93))),(70,92))),86);
((((86,75),((((61,77),(72,((((84,95),76),69),73))),(((89,(56,81)),(57,100)),(88,83))),(((((62,99),93),(58,71)),(92,70)),(55,((64,((97,((96,87),67)),82)),68))))),((53,((80,(91,74)),(65,(85,63)))),((98,((90,(79,78)),60)),(66,59)))),((24,((43,(46,21)),(8,14))),((((33,((15,22),(39,4))),(((((5,36),((11,(47,1)),(50,(31,19)))),((2,16),(3,((52,(48,(42,(25,29)))),(26,38))))),(45,(10,23))),(41,(28,(32,37))))),13),(17,51))));
(((((62,99),(93,(71,58))),(86,75)),(70,92)),(((81,88),((((57,100),89),56),83)),(((95,(76,84)),((73,(69,77)),61)),72)));
