(48,(25,(29,42)));
(50,40,(31,19));
(43,13,((46,21),17));
(((5,(47,1)),(36,(11,((50,(19,31)),40)))),23,10);
((((45,6),(7,((12,41),(37,(28,32))))),(((1,47),(5,36)),(((19,11),(40,50)),31))),(10,23),(((42,29),(25,48)),((16,2),(3,((49,52),(38,26))))));
((84,76),(((95,(57,((83,88),((56,(89,100)),((((82,(64,97)),(68,(55,(67,((54,87),96))))),(((78,98),((90,79),((66,59),60))),((53,(91,(80,74))),(94,(65,(63,85)))))),(70,((58,(93,(71,(62,99)))),(92,(75,86))))))))),73),(61,69)),(72,77));
(((5,((1,(36,47)),((11,50),((19,40),31)))),(48,29)),(38,((49,52),((26,3),(2,16)))));
(52,29,(48,(25,42)));
(53,((80,(74,91)),(63,(65,85))));
(((((((((38,(((3,52),(2,16)),49)),26),(((48,(29,(25,42))),(36,5)),(31,(19,(((47,1),50),(40,11)))))),((10,23),((6,45),(((28,37),(41,12)),(32,7))))),(33,((((39,4),(((14,8),17),((24,51),43))),(21,46)),(22,13)))),(34,(27,20))),30),9),35,44);
(24,(21,46),(43,17));
(96,(97,64),(55,82));
((33,((4,39),(((14,8),15),((43,((21,46),17)),(13,(51,24)))))),((34,(44,35)),((10,23),18)),((6,45),(7,(41,(12,(37,(32,28)))))));
((47,5),1,(11,50));
(92,(((67,(87,54)),(68,96)),(97,(64,55))));
((72,(88,(83,81))),((56,((76,(61,95)),(77,84))),(100,(69,73))),(57,89));
(((84,76),73),100,57);
((45,6),7,((32,(28,37)),(41,12)));
((33,22),39,4);
((36,((30,(34,(20,27))),35)),13,((24,51),((8,14),((46,(17,21)),43))));
((7,(41,((37,(32,28)),12))),(45,6),((18,(((11,(40,(31,19))),(36,(5,(1,47)))),(((24,34),((27,20),(35,44))),(((((((((48,29),25),42),3),38),26),((49,52),(16,2))),((51,(((43,13),(21,46)),(((8,14),22),(33,(4,39))))),17)),(23,10))))),(((((70,92),((93,(71,(62,99))),58)),(((57,(89,100)),(81,(56,(83,88)))),(75,86))),(68,(87,(96,(64,82))))),((94,((65,(63,85)),((91,(74,80)),53))),(66,59)))));
((58,(71,93)),(70,92));
((98,(79,(90,78))),59,60);
(35,(((34,9),27),20),44);
(28,(((41,12),37),32));
((75,(86,((((71,70),((93,58),(99,62))),((((56,(((69,84),61),88)),((((89,100),(57,76)),(97,83)),(73,95))),(72,81)),((77,(94,(((98,(78,(90,79))),(59,60)),66))),(68,(55,(82,64)))))),92))),(((50,(40,((11,31),19))),(5,(1,47))),(36,15)),(((4,39),33),(18,((((45,6),34),(20,27)),(((23,10),(9,30)),(44,35))))));
(((91,74),80),85,63);
(94,53,(((85,63),65),(91,(80,74))));
(((55,(82,(((68,67),(97,64)),(96,(87,54))))),((((92,(((62,99),(93,(71,58))),70)),(75,86)),((((89,(56,100)),57),(83,88)),((73,72),((61,((77,76),84)),95)))),((53,(94,((80,91),(74,((85,63),65))))),(60,(66,59))))),(((2,3),(((38,(49,52)),(26,16)),(36,((5,(1,47)),(50,((11,(19,40)),31)))))),(18,((10,23),((44,35),(20,27))))),(((51,((8,24),(17,(46,(43,21))))),(22,15)),(4,(39,33))));
(((84,((73,(76,69)),77)),((95,61),72)),(((55,97),((64,96),((54,87),82))),(67,68)),((98,((66,59),(65,(80,(91,74))))),(53,((90,79),78))));
((37,(28,32)),(12,41));
((72,(((77,61),(84,(76,95))),(73,69))),(((64,82),(67,((54,96),87))),68),((59,((60,((((79,78),90),98),(66,94))),((53,(91,(80,74))),(65,(63,85))))),97));
(((70,58),((((99,62),71),93),((86,75),((72,92),((97,(82,64)),(68,(55,((87,54),67)))))))),(((77,84),(95,(61,76))),(69,73)),(83,((81,88),(56,((89,100),57)))));
((((((26,3),(38,(16,2))),52),49),((29,(42,25)),48)),(5,(1,47)));
(98,(90,(79,78)));
((((99,62),71),(93,58)),(70,92));
((((((43,(46,21)),(51,(14,8))),24),(39,4)),(15,22)),(((30,(9,34)),((20,27),((35,44),18))),(((45,6),((41,12),(37,(28,32)))),(23,10))),(((25,(48,42)),((52,(26,49)),((2,16),3))),((11,((19,31),(50,40))),(5,(47,1)))));
((((31,(((40,19),11),50)),((48,(42,25)),((18,(3,((26,((2,16),38)),(49,52)))),((23,10),((((27,20),(30,9)),(34,(35,44))),((6,45),(7,((41,12),(28,(37,32)))))))))),(5,1)),47,36);
(53,94,((74,(80,91)),((63,(65,85)),((59,66),(78,(90,79))))));
((20,27),(18,(((((((48,((25,29),42)),(49,((3,(52,38)),26))),(2,16)),((11,(19,(50,(31,40)))),((36,5),(47,1)))),(((22,15),17),(((45,(((7,12),6),((41,28),(37,32)))),(10,23)),((33,(39,4)),((8,14),((13,(24,51)),(43,(21,46)))))))),(30,9)),34)));
((((39,4),(51,(17,(43,(46,21))))),22),((((34,9),((44,35),30)),(23,10)),((7,((37,(28,32)),12)),(41,(45,6)))),(((48,(42,25)),((2,(3,16)),((52,((26,36),49)),38))),(((19,40),(11,31)),((1,(5,47)),50))));
(((41,7),12),(28,(37,32)));
((7,(37,((32,28),(12,41)))),22);
((((9,30),(44,35)),34),((10,23),((45,6),((41,12),(7,(32,(37,28)))))),((((5,(47,1)),(((31,19),(50,11)),40)),(((3,(2,16)),(26,((52,49),(25,(48,29))))),(36,38))),((22,(39,4)),18)));
(((((10,23),(((6,45),(7,((37,(32,28)),(12,41)))),((29,(48,25)),(42,(((1,5),((31,19),((50,(11,40)),47))),(((38,(16,2)),(52,49)),26)))))),22),(33,17)),((((14,8),(24,51)),((43,(46,21)),13)),(4,39)),15);
((71,(70,92)),(75,86));
(((27,20),(((((2,((50,((19,31),(40,11))),(16,3))),(42,(29,25))),(48,(26,52))),(38,49)),(5,47))),(6,45),(30,(34,9)));
(((78,79),(90,(98,(60,59)))),(((43,17),(21,46)),((((51,24),(8,14)),4),(33,(13,39)))),((18,(27,20)),(((((((((50,40),11),(47,19)),(31,36)),(1,5)),(34,(49,((52,(2,(48,((42,29),25)))),26)))),(28,(7,(32,37)))),30),(35,44))));
((74,(91,80)),(66,59),60);
((75,86),68,(87,(54,(96,67))));
((93,((99,62),((58,70),71))),(((69,72),((73,(76,61)),95)),(((57,((56,100),89)),(81,(88,83))),84)));
(25,42,(29,48));
((33,(39,4)),(46,(43,21)),24);
(((((85,63),65),80),(91,74)),94,((60,(78,79)),(53,90)));
(57,((100,56),89));
((39,((4,17),(((14,8),(22,15)),((24,(51,13)),((46,21),43))))),33,18);
(((29,((38,26),(((11,50),(31,(19,40))),(47,(1,5))))),(((10,23),(((37,32),(12,41)),((6,45),(7,28)))),((27,20),(18,((34,(44,35)),(9,30)))))),(4,39),((15,22),(33,(17,((13,(51,(8,14))),(24,(43,(46,21))))))));
(67,((59,66),((90,(78,79)),(98,60))),(94,(91,(65,(53,((74,(85,63)),80))))));
((55,((64,97),((54,(87,96)),(98,((60,(66,59)),(((65,(63,85)),94),((74,(91,80)),(53,0)))))))),82,68);
((((52,(((38,(49,26)),(16,2)),3)),((11,(36,(1,47))),((29,(48,(25,42))),(5,((50,(19,31)),40))))),((34,(30,9)),((18,((71,(92,70)),((((89,57),((100,56),(88,83))),((82,(64,(97,55))),((96,(54,87)),(67,68)))),(93,(58,((62,99),(75,86))))))),(27,20)))),10,23);
(6,37,(32,28));
((78,(79,90)),(80,91),53);
(((((((49,(16,3)),(26,52)),(48,((29,42),25))),38),(((11,50),(31,19)),((5,(47,1)),36))),33),39,22);
((48,(29,25)),((26,((2,16),(49,52))),(3,38)),((36,((19,31),(11,50))),((1,47),5)));
((45,6),27,20);
((86,75),(57,(((88,83),(89,100)),81)),56);
((((44,35),((34,(9,30)),(20,27))),(((((5,(1,47)),((40,(11,(42,(25,(29,48))))),(19,(31,50)))),16),(52,49)),(38,26))),(22,15),(39,(33,4)));
((((67,(54,87)),(68,(82,(64,97)))),(55,96)),75,((((99,(93,(58,71))),(62,70)),92),((61,(72,(76,(95,77)))),((73,(69,(((83,88),57),((89,56),(100,81))))),84))));
((((82,(64,55)),97),67),((68,96),(54,87)));
(((61,69),((84,76),((95,77),((((((100,(89,81)),57),56),83),73),(88,72))))),((70,92),(75,86)),(97,((55,(54,87)),((82,(68,64)),(96,67)))));
(54,82,(97,64));
(14,(46,21),15);
(65,(53,(91,(74,80))));
(17,24,(51,4));
(17,(((((((10,((((48,29),16),2),52)),(((6,(7,45)),(12,((32,37),28))),((47,5),(1,36)))),(49,23)),(((26,38),(25,42)),18)),(31,((40,(50,19)),11))),(33,((15,3),(22,(39,4))))),((13,(51,24)),(46,21))));
(((((15,43),((17,(46,21)),(14,8))),33),13),39,4);
(66,((90,(79,78)),60));
(29,48,(25,42));
((22,15),((13,(14,8)),(4,(39,33))));
(((((15,22),((13,(43,(17,(21,46)))),(8,14))),(33,(39,4))),51),(((((42,25),(48,29)),(52,((((16,2),3),49),(26,38)))),(((19,(11,31)),(40,50)),((47,1),(5,36)))),(18,((27,20),(((10,23),((30,9),(35,44))),((45,6),((41,12),(37,(32,28)))))))));
((99,(93,58)),71,62);
(7,(41,12),(45,6));
(78,79,(98,90));
(((72,(((76,84),61),69)),(95,(88,((((81,89),100),57),83)))),77);
(63,((55,(68,(((54,(67,87)),((97,82),64)),96))),(((27,20),(((39,(14,8)),(33,(13,21))),(((((35,44),(((38,(47,50)),((11,26),(19,(40,31)))),(5,(1,36)))),52),(((51,24),(29,((42,48),25))),2)),((16,(23,49)),3)))),(((10,(12,(37,((7,(45,6)),(28,(41,32)))))),15),(((30,9),34),18)))),(53,59));
(7,(45,6),(34,(((20,(9,30)),(((50,40),((3,(((42,25),(29,48)),(((49,52),(26,38)),(16,2)))),((5,(36,47)),((31,19),1)))),18)),(22,15))));
(47,((36,5),1),(11,(19,(50,(40,31)))));
(((((58,(93,71)),(70,((62,99),92))),(75,86)),(((82,(64,97)),(((68,55),((87,54),96)),67)),((((56,((89,57),100)),(((95,73),69),((61,(77,76)),(72,84)))),88),83))),((((27,22),20),((44,(35,18)),(((34,((((40,(19,11)),31),50),(1,5))),(((37,32),((28,(41,12)),7)),(45,6))),9))),(33,(13,(((8,14),(24,51)),(43,(21,(17,46))))))),(36,(23,10)));
(((((59,((((85,(65,63)),(91,(80,74))),(98,(90,(79,78)))),66)),(53,94)),60),69),((76,(((73,61),72),84)),95),(77,((75,86),(92,(70,((58,(93,(62,99))),71))))));
((3,49),16);
(7,(45,(41,(32,(28,37)))));
((9,30),(((7,(37,((12,41),(32,28)))),((43,((((8,14),24),51),((((20,27),15),(22,17)),13))),(21,46))),((36,(5,(47,1))),(33,(4,39)))),34);
(((49,3),(38,26)),16,2);
(((34,(9,((45,6),(7,(41,12))))),30),((22,(33,(4,39))),15),18);
((((15,43),17),((22,((4,((24,51),13)),33)),39)),(((23,10),(44,35)),((30,(9,34)),(20,27))),(18,(45,(28,(32,(7,((41,12),37)))))));
(((((5,(20,27)),(44,35)),(9,(34,30))),18),((1,((36,((40,(31,19)),(11,50))),(3,(2,16)))),((26,38),(47,((29,((48,25),42)),(49,52))))));
(((((((8,14),17),((43,(46,21)),(24,51))),13),(33,(4,39))),(15,22)),((35,44),(9,(((27,20),30),34))),((23,10),((47,36),(11,((19,40),50)))));
(74,91,(85,63));
(98,(((65,(63,85)),94),(74,(91,80))),((90,(78,79)),((59,60),66)));
