(39,((((((18,((((37,28),32),12),41)),9),21),46),51),8),4);
((22,15),(((21,46),(8,(14,(51,24)))),(43,17)));
((55,97),67);
((((70,92),(58,(71,((62,99),93)))),(75,86)),((96,68),(87,54)));
(73,(69,61));
(48,(11,(50,((31,19),40))),(36,(5,1)));
((47,(1,((36,(50,(11,(19,40)))),5))),(((44,35),(((20,27),(9,(34,30))),18)),((7,(41,((37,32),(28,12)))),((((17,(46,(43,21))),(14,13)),(8,(51,24))),22))),(10,23));
(((22,15),(12,41)),43);
(0,(((28,(((7,12),41),32)),((((13,((43,21),46)),((39,(33,4)),((8,14),(51,24)))),((45,6),((52,(19,31)),(38,(((((11,50),40),49),26),3))))),(10,23))),37));
(((((90,(79,78)),59),60),66),(53,(91,(80,74))),((85,(63,65)),94));
(5,(1,47));
(13,(17,(18,15)),39);
(((71,(93,58)),(99,62)),(92,(75,86)),70);
((13,51),(21,46));
(82,(67,((68,97),((55,64),(54,87)))));
((55,(87,54)),(94,(18,(((((6,((12,41),(45,(28,(32,37))))),(17,(((8,14),13),(24,(((33,4),22),39))))),(((25,((29,42),48)),(38,(((3,26),(49,52)),(16,2)))),(36,((31,((19,(50,11)),40)),(5,(1,47)))))),(23,10)),((44,35),(20,27))))),(64,(97,82)));
((8,14),43,39);
(30,((((1,(((5,47),36),(((50,((11,40),31)),19),((42,(48,(29,25))),(((16,2),52),(38,26)))))),(((20,27),(45,6)),((44,35),(7,(((12,41),(28,32)),37))))),34),18),9);
(36,(5,(((40,19),31),(47,(11,50)))),((27,20),((44,((((10,23),((((15,((4,39),((13,17),((51,(24,(8,14))),(43,(21,46)))))),(((12,(37,(32,28))),(7,41)),(6,45))),(((16,(3,2)),(49,52)),(38,26))),(42,(29,(25,48))))),18),35)),((30,9),34))));
(((84,76),73),100,57);
((36,((30,(34,(20,27))),35)),13,((24,51),((8,14),((46,(17,21)),43))));
(66,(59,94),((98,60),(53,((65,(63,85)),(80,(74,91))))));
((37,((32,28),41)),(12,7),(45,6));
((55,(82,64)),(((87,54),68),67));
((9,34),30,(35,18));
(73,((((((((((75,(60,(((90,(59,66)),79),78))),70),56),100),89),57),83),76),84),95),61);
(82,97,(((54,55),(64,((87,96),68))),67));
(38,((16,3),49),26);
((55,((((67,54),64),82),97)),96,87);
(((((((65,85),63),53),90),79),78),98);
((78,90),79,98);
(((((((79,(90,78)),98),65),94),((53,(85,63)),(74,(80,91)))),59),66);
((60,98),(((53,94),85),65));
((87,54),97,(82,((64,67),(96,(68,55)))));
(96,(68,97),((64,82),((55,54),67)));
(97,((54,(96,87)),55),64);
(56,(88,100),((81,83),(57,89)));
((((((26,3),(38,(16,2))),52),49),((29,(42,25)),48)),(5,(1,47)));
((((99,62),71),(93,58)),(70,92));
((((45,6),(41,(12,(37,(28,32))))),((17,18),((73,(((72,(((77,61),84),69)),((81,(88,83)),56)),(95,76))),((((99,93),(71,(58,62))),((86,75),(92,70))),((98,(90,(79,78))),(60,(66,59))))))),10,23);
((97,55),(82,64),67);
((66,59),60);
((7,(37,((32,28),(12,41)))),22);
(((94,((60,(98,((79,90),78))),((53,((80,(91,74)),(65,(63,85)))),(59,66)))),(((58,(92,70)),((99,62),(93,71))),((((67,(96,87)),54),(82,64)),97))),18,((20,27),((((33,(39,4)),(22,15)),(10,23)),((((36,((47,5),((50,(40,((19,31),11))),1))),((48,(42,25)),(((49,38),26),((2,16),29)))),(44,35)),(34,(30,9))))));
((45,((((26,3),(52,((16,2),49))),38),42)),(25,48),29);
(49,(2,3),38);
(((17,(33,((39,4),((((24,51),14),(8,13)),(46,21))))),(((11,((36,(1,(47,5))),(40,(50,(31,19))))),48),((16,26),(49,52)))),(23,10),(((((9,30),(27,20)),(34,(44,35))),18),(45,6)));
((((((45,6),(7,((12,41),((37,28),32)))),(50,((1,(36,5)),47))),(((35,44),(((34,(9,(48,(((26,(38,(3,(16,2)))),(52,49)),((42,25),29))))),((20,27),30)),(43,17))),((46,21),(((39,((8,14),(22,15))),(51,24)),(33,4))))),(23,10)),((53,(63,85)),(94,((66,60),98))),((68,((96,87),67)),((((86,75),(92,70)),((62,99),(71,(58,93)))),((((77,73),69),(72,81)),(((88,((56,89),100)),83),57)))));
(((((85,63),65),80),(91,74)),94,((60,(78,79)),(53,90)));
((94,(65,(85,(53,63)))),(78,(79,90)),(59,(66,60)));
((21,46),43,17);
(97,(64,(82,67)),(68,55));
(((17,((((24,51),(13,((((33,4),(22,15)),39),(46,21)))),(14,8)),43)),(10,23)),((((3,(((48,49),52),26)),(38,(2,(16,29)))),(31,(((40,(11,5)),50),19))),(25,42)),((6,45),((12,41),(32,(37,28)))));
(74,(80,((90,(78,79)),(98,(59,((17,((21,46),((51,((24,((4,((22,15),39)),33)),(8,14))),13))),(((((11,(50,(40,(19,31)))),((((38,(3,2)),(52,(42,(29,(48,25))))),(49,16)),26)),(36,(47,1))),5),(((((20,27),(23,10)),(30,9)),(34,18)),((35,44),((41,((7,12),((32,28),37))),(45,6)))))))))),91);
((86,75),71,(93,58));
(72,57,((100,89),56));
(34,(45,6),(7,(12,(((37,32),41),28))));
(26,38,(((52,((47,(1,((50,(40,31)),(19,11)))),49)),(3,(2,16))),(48,(42,(29,25)))));
((7,45),28,(32,37));
((67,68),(54,96));
(42,48,(25,29));
((((((((69,(95,84)),72),((76,(77,61)),73)),(((100,(83,81)),57),(56,88))),((70,(58,((71,(99,62)),93))),92)),(75,86)),((87,(54,96)),(((64,(55,82)),67),68))),((74,80),((65,94),(85,63))),(53,(((15,(22,((13,((21,(46,((51,17),(8,14)))),43)),(33,(39,4))))),(18,((9,30),(34,(((41,12),((28,37),32)),(7,(45,6))))))),((38,49),((3,((23,((5,(1,47)),((31,36),((11,40),(50,19))))),(42,(25,(29,48))))),(52,26))))));
((48,(29,25)),((26,((2,16),(49,52))),(3,38)),((36,((19,31),(11,50))),((1,47),5)));
((71,((10,23),(((17,((14,8),((((4,39),(((51,24),((46,21),43)),13)),(15,22)),33))),((((9,30),((20,27),44)),(35,34)),((45,6),((32,(7,41)),(37,28))))),((((48,18),(42,(25,29))),(3,((49,26),(52,(2,(38,16)))))),((31,19),((50,(40,11)),36)))))),58,((92,70),(93,(99,62))));
(((53,((60,98),(79,(78,90)))),((65,((80,74),91)),94)),((((55,67),((54,(87,96)),68)),(97,64)),((86,(62,(99,((70,(93,58)),(71,92))))),(81,((56,100),((57,89),((83,88),((69,(84,(95,(77,61)))),(73,72)))))))));
(((((83,(81,88)),(86,75)),92),((71,((99,62),(58,93))),70)),((4,39),(13,(((10,23),(((7,(45,6)),(((5,((((19,50),31),40),(36,11))),(47,1)),(29,(42,(48,25))))),((18,(35,44)),((9,30),34)))),(((24,51),(14,8)),17)))),(46,43));
(92,70,(((93,71),58),(((86,75),(61,((84,76),(73,(72,((((88,83),(100,((57,89),(56,81)))),(((53,((74,(80,91)),(65,(85,63)))),((94,66),60)),77)),(69,95))))))),(99,62))));
((98,(94,60)),79,(90,78));
(((61,69),((84,76),((95,77),((((((100,(89,81)),57),56),83),73),(88,72))))),((70,92),(75,86)),(97,((55,(54,87)),((82,(68,64)),(96,67)))));
(67,((54,87),96),68);
(17,(43,(21,46)),(((33,(39,4)),((8,13),((24,51),22))),14));
(17,22,(((33,(39,4)),8),(43,(46,21))));
(((39,4),((15,22),33)),((21,((((8,14),17),13),43)),(46,24)));
(83,((89,(57,(56,100))),(81,88)));
(7,(12,41),(37,(28,32)));
(68,((96,(54,87)),67),((97,(0,(((8,14),((4,43),(51,(46,21)))),((13,39),((22,15),17))))),((55,(82,64)),((60,(59,(((91,(53,(80,74))),((63,85),65)),(94,((79,(90,98)),78))))),(81,(((71,((58,(93,(99,62))),(92,70))),(75,86)),((83,((100,(89,57)),56)),(77,(72,(69,(76,(73,84))))))))))));
(90,79,(78,((98,94),((60,(66,59)),(((61,((76,95),84)),(77,(69,(72,73)))),((81,(88,83)),(((58,(71,((82,97),((((68,55),(96,(54,87))),67),64)))),93),(((70,92),(62,99)),75))))))));
(8,(14,(15,(22,(33,(46,(43,(21,(17,(24,(51,(13,(39,(4,(35,((16,((((((((1,(5,(((((((((29,42),25),48),31),19),40),11),50),36))),47),3),2),26),49),52),38)),(18,((27,(((34,(((((((((6,45),7),12),41),32),37),28),23),10)),9),30)),20))))))))))))))))));
(92,(93,71),58);
(((80,(74,(91,53))),(60,((90,94),((59,66),(79,78))))),(((39,22),(33,4)),((14,8),(13,((24,51),(17,43))))),(((10,23),(((((52,((50,((40,19),31)),11)),(1,(38,((3,(48,(42,(25,29)))),26)))),49),(36,5)),((((28,(32,(41,12))),37),(7,(45,6))),((20,27),(44,(35,(34,(30,9)))))))),15));
(72,(92,70));
((83,(69,((66,(((79,90),78),59)),(((80,(53,91)),74),((65,(85,63)),94))))),((((29,((((52,26),49),16),48)),(((40,(50,(31,19))),(1,(36,(47,5)))),38)),((23,10),2)),(((((4,39),(8,14)),((33,51),24)),(17,(21,(46,43)))),(15,22))),((((((27,20),18),(35,44)),(9,(34,30))),((6,45),(12,(7,(41,(28,32)))))),(25,42)));
((72,(((95,(84,76)),(86,75)),((77,61),(73,(((62,99),(71,(93,58))),(69,((57,(100,(56,89))),((83,88),81)))))))),98,((60,66),(94,((80,(91,74)),((65,(85,63)),53)))));
(73,(((((100,89),57),56),61),72),69);
((66,59),90,(79,78));
((63,((85,65),53)),60,((59,66),(98,(90,(78,79)))));
(53,((65,63),85),((91,80),74));
(47,((36,5),1),(11,(19,(50,(40,31)))));
(18,((23,10),((((((42,29),25),(52,49)),(2,(26,38))),48),(3,16))),(((34,30),(9,(7,(((28,(37,32)),(41,12)),(6,45))))),(35,(20,27))));
(43,17,(46,21));
(((66,60),(94,(((63,85),65),(53,(91,(74,80)))))),83,(((88,77),((84,((69,81),(((54,96),(67,(82,97))),64))),((73,((95,61),72)),76))),(89,(56,(57,100)))));
((((((29,25),42),3),26),49),52);
(7,(45,(41,(32,(28,37)))));
((100,(81,((88,(89,57)),(56,83)))),((70,92),((58,93),(71,62))),((75,86),((69,73),((61,77),(84,(95,76))))));
((12,41),(7,(32,28)),(45,6));
((40,50),19,31);
(((57,100),(89,56)),81,88);
(97,(82,64),55);
((83,(((89,57),100),(88,56))),73,((61,95),(((72,69),84),(77,76))));
