(12,(37,((7,32),28)),41);
((4,39),13,(24,51));
(43,(7,(15,14)));
(40,(19,31));
((((((19,31),(11,50)),40),(((49,16),(3,((52,(2,26)),38))),(29,(25,(48,42))))),((1,47),5)),((6,45),7));
(6,((52,(29,(25,42))),(((49,(16,26)),3),(2,38))),(((35,44),((((23,10),((20,27),18)),(((15,(43,(17,(46,21)))),(4,(33,(39,22)))),(13,((51,(8,14)),24)))),((12,41),(28,(32,7))))),((47,(1,5)),((11,(19,40)),(31,50)))));
((((62,99),(70,92)),((100,89),(83,56))),81,(88,57));
(((((87,54),96),((68,55),((97,67),(64,82)))),((((100,(56,89)),57),(88,83)),(((72,(69,(95,84))),76),77))),(((98,(90,(79,78))),(((((91,80),(60,74)),(85,(65,63))),94),53)),(66,59)));
(((5,(47,1)),(36,(11,((50,(19,31)),40)))),23,10);
(((13,51),((8,14),((46,21),17))),24,43);
(49,(5,47),36);
(((((90,(79,78)),59),60),66),(53,(91,(80,74))),((85,(63,65)),94));
(13,17,((46,21),43));
(35,((41,12),(7,(32,(37,28)))),(30,((10,23),((((((14,8),(((13,(33,4)),(39,(17,(24,51)))),((46,21),43))),((((((52,(42,38)),29),(26,49)),((48,(2,16)),((40,(11,(((47,1),(5,36)),(31,19)))),50))),3),25)),44),34),(9,18)))));
((14,8),51);
((62,99),92,70);
(((53,((63,85),65)),((80,(74,91)),94)),((66,59),(60,98)),((90,78),79));
((36,((30,(34,(20,27))),35)),13,((24,51),((8,14),((46,(17,21)),43))));
(48,29,(25,42));
((53,((63,85),65)),74,(91,80));
((53,((91,(80,74)),(65,(63,85)))),(66,(90,(79,78))),(98,94));
(((86,75),((62,99),(70,(71,92)))),81,((95,(((84,76),61),77)),(72,((56,((88,(100,(57,89))),83)),73))));
(94,((80,(74,91)),((65,((90,(79,78)),98)),(60,(59,66)))));
(57,(62,99),(58,((92,70),71)));
(61,(68,((((64,55),87),54),96)),(67,97));
(50,1,(29,(((((51,((((8,13),24),4),39)),(33,17)),15),(43,(46,21))),14)));
((9,34),30,(35,18));
(94,((79,(98,((((90,78),60),59),66))),(76,(57,((61,(84,((88,(((((((100,56),89),81),77),72),73),69)),83))),95)))));
(((89,(83,56)),88),81,57);
(30,9,(20,27));
(41,((28,32),(12,(45,6))),(37,7));
((78,90),79,98);
((((((26,3),(38,(16,2))),52),49),((29,(42,25)),48)),(5,(1,47)));
(69,(76,(77,(95,(84,61)))),(73,72));
((((66,(59,60)),(98,(90,(78,79)))),53),((85,(65,63)),94),(91,(74,80)));
((9,30),34);
(((56,81),(83,88)),76,77);
(42,25,(29,48));
((88,((89,56),(100,(83,57)))),((73,(69,81)),(61,((84,95),(((((62,99),58),(71,93)),(92,70)),((77,72),76))))));
((97,(96,(55,(68,64)))),67);
((((55,((68,64),(82,97))),(96,67)),(87,54)),(91,(80,74)),((98,((78,79),90)),((59,60),66)));
((12,41),(37,(28,32)));
(((94,((60,(98,((79,90),78))),((53,((80,(91,74)),(65,(63,85)))),(59,66)))),(((58,(92,70)),((99,62),(93,71))),((((67,(96,87)),54),(82,64)),97))),18,((20,27),((((33,(39,4)),(22,15)),(10,23)),((((36,((47,5),((50,(40,((19,31),11))),1))),((48,(42,25)),(((49,38),26),((2,16),29)))),(44,35)),(34,(30,9))))));
((((30,(35,44)),((20,27),18)),34),((45,6),((32,(28,(7,(41,12)))),37)));
((((90,(78,79)),(53,((74,(91,80)),(65,(63,85))))),((82,((((67,68),((54,96),87)),(64,97)),55)),((86,((((71,(62,99)),93),58),(92,70))),((61,((95,(84,76)),77)),(((88,83),89),((56,100),(57,81))))))),(((39,(33,4)),(15,13)),(((51,24),(14,8)),((43,(21,46)),17))),((23,10),(((45,6),((27,20),((34,(30,9)),(44,35)))),((((3,(52,(38,(49,26)))),((5,(36,(1,47))),(11,((40,31),(50,19))))),(29,(25,(48,42)))),(18,(7,(32,(28,37))))))));
(((9,((18,30),((20,27),34))),(44,35)),23,10);
(((27,20),(((((2,((50,((19,31),(40,11))),(16,3))),(42,(29,25))),(48,(26,52))),(38,49)),(5,47))),(6,45),(30,(34,9)));
(24,51,(((14,8),((4,33),39)),(13,(17,(46,21)))));
(((78,79),(90,(98,(60,59)))),(((43,17),(21,46)),((((51,24),(8,14)),4),(33,(13,39)))),((18,(27,20)),(((((((((50,40),11),(47,19)),(31,36)),(1,5)),(34,(49,((52,(2,(48,((42,29),25)))),26)))),(28,(7,(32,37)))),30),(35,44))));
(((((63,85),65),(91,(74,80))),((94,60),((90,(79,78)),98))),((67,(68,54)),(97,(64,(82,55)))),(87,96));
((10,23),((52,((29,25),(3,(16,2)))),(38,48)),26);
((51,24),14,8);
(98,(78,79));
((((75,86),(92,70)),(((71,(99,62)),93),58)),(100,(89,(56,57))),(((77,(84,76)),(72,(98,(64,((55,((96,(87,54)),(68,67))),97))))),(95,(69,73))));
(50,(11,31),(19,40));
((8,51),24,14);
(48,(3,((42,25),49)),(16,((38,52),2)));
((39,((4,17),(((14,8),(22,15)),((24,(51,13)),((46,21),43))))),33,18);
((((7,(37,(32,28))),(6,45)),((((11,(40,50)),((1,47),(5,36))),(38,(52,(49,(26,(3,(2,16))))))),(10,23))),((44,9),(35,(30,34))),18);
((55,((64,97),((54,(87,96)),(98,((60,(66,59)),(((65,(63,85)),94),((74,(91,80)),(53,0)))))))),82,68);
(((17,((((24,51),(13,((((33,4),(22,15)),39),(46,21)))),(14,8)),43)),(10,23)),((((3,(((48,49),52),26)),(38,(2,(16,29)))),(31,(((40,(11,5)),50),19))),(25,42)),((6,45),((12,41),(32,(37,28)))));
(52,(29,(48,(42,25))));
(((12,41),7),32,28);
(36,((75,86),((83,(81,(88,((100,(56,89)),57)))),(73,((77,(95,((84,76),61))),(69,72))))),((((94,(60,((((50,(47,(1,5))),((12,(32,(37,28))),7)),18),(((((44,35),(27,20)),(23,10)),(40,((48,(42,(25,29))),((31,19),((((26,3),38),(52,(30,(49,16)))),2))))),(9,34))))),66),59),((65,(63,85)),((90,(79,78)),(53,((80,91),74))))));
(55,(97,64),82);
(18,7,((45,6),(32,(37,28))));
(((14,13),17),((51,24),(46,21)),43);
((86,58),93,(99,62));
(31,(23,10),(36,(1,(47,5))));
(((18,(44,(((72,((60,((59,(((78,90),79),(94,((53,(91,(74,80))),((63,65),85))))),66)),(((((81,84),69),(56,((((((((68,77),95),76),61),88),89),57),100))),((73,(71,((92,(((93,99),58),70)),62))),(87,54))),(83,55)))),96),35))),((31,(((19,50),11),40)),(6,45))),(30,34),((39,4),(27,(22,15))));
((((34,9),((30,((67,(97,82)),(68,((96,(((74,94),(91,((65,(63,85)),(((79,78),90),(60,(59,66)))))),80)),(87,54))))),(18,(6,(7,((37,(32,28)),(12,41))))))),(35,44)),((25,(48,(42,29))),(26,((52,((5,(1,47)),38)),(49,(3,(2,16)))))),(27,20));
(98,90,(79,78));
(((61,69),((84,76),((95,77),((((((100,(89,81)),57),56),83),73),(88,72))))),((70,92),(75,86)),(97,((55,(54,87)),((82,(68,64)),(96,67)))));
((((75,86),((58,93),(70,92))),((100,((57,89),(((83,88),81),56))),(((76,(84,69)),(73,72)),(77,(61,95))))),((67,(68,(96,(54,87)))),(64,(82,97))),55);
((55,67),((96,(68,87)),((82,97),64)));
((((60,(98,(90,(79,78)))),((80,((66,91),74)),(65,59))),(94,53)),(68,(((96,87),54),((71,(93,58)),(((99,62),(72,((76,95),(84,(77,61))))),((75,86),(92,70)))))));
((72,((76,((95,69),61)),((88,83),84))),((93,58),((99,(71,((100,(89,57)),(81,56)))),(86,75))),62);
((15,(14,8)),((21,46),((13,43),17)),22);
((((4,39),33),((17,(21,46)),(51,24))),(15,22),13);
((23,10),(((1,(5,47)),(50,((11,40),(31,19)))),52),(38,((49,((16,2),3)),26)));
((61,(88,(96,(((64,(82,55)),67),(97,(54,87)))))),((57,((58,(86,(92,75))),(71,((99,62),93)))),83));
((82,(55,(97,64))),67,(96,((54,87),68)));
((22,15),13,(33,(39,4)));
((79,(90,78)),((((66,59),(((85,60),(53,((91,80),74))),(63,65))),(98,94)),((62,(87,(97,(82,(55,64))))),(72,((93,((((((((((89,100),56),83),77),61),76),84),95),69),73)),57)))));
(63,((55,(68,(((54,(67,87)),((97,82),64)),96))),(((27,20),(((39,(14,8)),(33,(13,21))),(((((35,44),(((38,(47,50)),((11,26),(19,(40,31)))),(5,(1,36)))),52),(((51,24),(29,((42,48),25))),2)),((16,(23,49)),3)))),(((10,(12,(37,((7,(45,6)),(28,(41,32)))))),15),(((30,9),34),18)))),(53,59));
((6,45),32,(28,37));
(94,((59,(60,(90,((79,78),98)))),(((65,53),85),63)));
(((((((72,((77,61),73)),(69,95)),(84,76)),(((89,(100,81)),(88,83)),(57,56))),(70,92)),(75,((20,(27,17)),((((25,(48,((((16,2),3),(26,((49,52),38))),(29,42)))),(((((9,(30,((6,45),(12,((32,(41,7)),(37,28)))))),(35,44)),18),10),34)),23),(22,((33,4),((13,((51,24),(8,14))),(21,46)))))))),98,((79,(78,90)),(60,(94,(53,(((63,85),(80,(74,91))),65))))));
((63,((85,65),53)),60,((59,66),(98,(90,(78,79)))));
(7,(45,6),(34,(((20,(9,30)),(((50,40),((3,(((42,25),(29,48)),(((49,52),(26,38)),(16,2)))),((5,(36,47)),((31,19),1)))),18)),(22,15))));
(((29,((25,42),48)),26),(16,2),(49,38));
(18,33,(((17,(43,(46,21))),(15,22)),(13,(24,51))));
(((45,((12,(28,(7,(32,37)))),41)),9),30,(18,(((36,(1,47)),(((29,((((2,16),3),26),(49,(52,38)))),48),(25,42))),(50,(11,(31,(19,40)))))));
((12,(((6,45),(7,41)),(20,27))),((((5,1),(36,47)),(11,50)),40),(23,10));
(((((58,(93,71)),(70,((62,99),92))),(75,86)),(((82,(64,97)),(((68,55),((87,54),96)),67)),((((56,((89,57),100)),(((95,73),69),((61,(77,76)),(72,84)))),88),83))),((((27,22),20),((44,(35,18)),(((34,((((40,(19,11)),31),50),(1,5))),(((37,32),((28,(41,12)),7)),(45,6))),9))),(33,(13,(((8,14),(24,51)),(43,(21,(17,46))))))),(36,(23,10)));
(91,80,((53,(74,(65,(85,63)))),(94,(66,((60,59),((78,(79,(90,98))),(((55,(67,(96,(87,54)))),((82,(64,97)),68)),(83,(((92,70),(71,(93,58))),(((57,(100,89)),((84,76),((95,(((69,72),77),61)),73))),((81,(75,86)),88)))))))))));
(48,((16,2),26),42);
(71,58,(93,(99,62)));
(((((62,99),(93,(71,58))),(86,75)),(70,92)),(((81,88),((((57,100),89),56),83)),(((95,(76,84)),((73,(69,77)),61)),72)));
