((10,23),((18,(29,((48,25),(42,(3,(38,(52,(49,26)))))))),(34,(20,27))),(35,(22,((((8,14),(51,24)),(39,4)),(33,13)))));
((37,(41,12)),(28,32));
(40,(5,47),36);
((86,(((70,92),(62,99)),71)),(72,75),57);
((((3,52),(38,49)),(26,(16,2))),42,(25,29));
(((23,10),34),18,(((((39,(33,4)),((2,(((((50,11),((31,40),19)),((3,((36,47),1)),5)),(52,(49,38))),16)),(8,14))),22),((43,(21,46)),((15,13),17))),((44,35),((9,30),(20,27)))));
((1,47),(50,11),(5,36));
((6,45),((((4,33),(((((14,8),(51,24)),13),(21,46)),43)),39),15));
((42,25),48,29);
((((25,(48,42)),(3,(2,16))),(((((35,44),12),(34,((((7,27),20),9),30))),((41,(28,37)),32)),(6,45))),(22,(24,((43,(46,21)),((17,(8,14)),(39,(33,4)))))));
((91,(74,80)),65,(63,85));
(90,(79,78));
(5,(1,47));
(((30,(34,9)),18),(35,44),(20,27));
(94,(((((78,(90,79)),(98,60)),(65,(85,63))),91),53));
((((63,65),85),(80,(74,91))),((98,((78,79),90)),(60,(59,66))),(53,94));
((72,(88,(83,81))),((56,((76,(61,95)),(77,84))),(100,(69,73))),(57,89));
((96,68),((55,97),(64,82)));
(((53,((63,85),65)),((80,(74,91)),94)),((66,59),(60,98)),((90,78),79));
((49,2),(25,48),38);
(29,25,(42,48));
((1,((50,11),47)),5,(19,31));
((((10,23),((18,((20,27),(9,(34,30)))),(35,44))),(((33,(17,(43,(46,21)))),(15,22)),(51,((8,14),24)))),((25,(29,(42,48))),26),(5,(1,((((((60,((78,(90,79)),(98,(59,66)))),((((65,(85,63)),94),(74,(80,91))),53)),(83,((88,(((75,86),(((((99,62),71),(58,93)),92),70)),((89,56),(57,100)))),81))),((82,(64,97)),((68,(67,(96,(54,87)))),55))),0),36))));
(94,((80,(74,91)),((65,((90,(79,78)),98)),(60,(59,66)))));
(28,(((41,12),37),32));
(((21,46),((((24,15),13),(39,((((43,8),14),51),33))),(45,17))),35,6);
((86,75),((56,((((((((((77,84),61),73),72),95),76),69),100),89),57)),((83,88),81)));
((5,((50,(40,11)),(31,19))),(47,1));
((86,75),((99,(((70,92),71),93)),62));
((((97,55),68),64),54,(96,67));
(52,(50,((40,11),(31,19))),(1,(5,36)));
(17,15,(4,(((22,39),13),((((24,(14,8)),51),(21,43)),(33,46)))));
((29,(42,(25,48))),(2,3));
(22,((17,(21,((46,(43,14)),8))),(13,15)),(39,4));
(((((45,6),(41,(7,12))),((37,28),32)),((((47,36),5),1),(((48,(29,(42,25))),(2,((((49,52),26),38),16))),3))),(((34,((20,27),35)),(9,30)),44));
((((57,(100,89)),(81,(56,((72,((95,((76,84),61)),77)),73)))),88),71);
((((70,92),75),(77,(73,69))),((71,(99,(93,58))),(87,72)));
((((((26,3),(38,(16,2))),52),49),((29,(42,25)),48)),(5,(1,47)));
(19,(11,(50,31)));
(22,((13,15),(((10,23),((28,((32,37),(41,12))),((45,7),6))),((((34,30),9),(27,20)),(((47,1),((11,(50,(31,(40,19)))),(36,5))),((42,(25,(48,29))),(52,(26,(49,38)))))))),(((4,39),33),(((((14,8),46),(51,17)),21),24)));
(((((98,(90,(79,78))),(66,(60,59))),(94,((((91,74),80),53),((63,85),65)))),((96,67),(((82,64),97),55))),(54,87),(5,(((11,(50,((40,31),19))),((34,(((18,(44,35)),(((39,4),(22,15)),((((14,8),(51,24)),((46,21),(43,17))),13))),(30,(9,(27,20))))),((23,10),((48,(25,(29,42))),(52,(3,((2,16),((49,26),38)))))))),(1,47))));
((((((86,75),(92,((99,(71,(62,(58,93)))),70))),(((82,(55,(97,64))),(68,(54,87))),(96,67))),(((73,(84,76)),(72,(77,((69,95),61)))),(81,(((57,89),(56,(88,100))),83)))),((66,((78,(79,90)),60)),(65,(85,(74,(91,80)))))),15,((((24,51),(8,14)),(13,(21,46))),((((10,23),(18,(41,(7,(12,(45,6)))))),(3,((((48,(29,(42,25))),26),38),((2,(49,16)),((5,((1,(40,((11,31),(50,19)))),36)),47))))),33)));
(51,(21,(46,43)),(17,(15,22)));
(((3,((52,49),(26,38))),(16,2)),(29,48),(42,25));
(((47,(36,(5,1))),(11,(50,(40,(31,19))))),18,((30,(20,34)),(44,35)));
((34,(44,35)),30,9);
((27,20),(18,(((10,23),((34,((35,44),(9,30))),(((52,(49,26)),(38,(42,((48,25),29)))),(2,16)))),(((((11,(31,(40,19))),50),36),(5,47)),((15,33),((39,4),22))))),((45,6),(7,((12,41),(37,(32,28))))));
((((30,(35,44)),((20,27),18)),34),((45,6),((32,(28,(7,(41,12)))),37)));
(((48,(29,42)),25),((26,38),((49,52),((2,16),3))));
(39,((33,((22,((14,8),(51,24))),13)),(((((44,(20,27)),((30,9),34)),(((6,45),(7,(37,(41,((12,32),28))))),(18,(10,23)))),(38,(25,(((((((5,(47,1)),(50,(11,(40,(19,31))))),2),16),3),(49,(26,52))),(48,(29,42)))))),36)),4);
((37,(32,28)),7,(41,12));
(((99,62),(((73,(((95,61),77),76)),(69,84)),72)),(96,((64,87),((54,(82,55)),97))),((63,(65,85)),(((90,(79,78)),(66,59)),(94,53))));
(((27,20),(((((2,((50,((19,31),(40,11))),(16,3))),(42,(29,25))),(48,(26,52))),(38,49)),(5,47))),(6,45),(30,(34,9)));
(24,51,(((14,8),((4,33),39)),(13,(17,(46,21)))));
(57,((100,56),89));
(((20,27),(34,(9,30))),((2,16),(((26,((52,49),3)),38),((19,(40,(11,50))),(36,(5,(1,47)))))),(29,(48,(42,25))));
(45,6,((32,28),(37,12)));
((((52,(((38,(49,26)),(16,2)),3)),((11,(36,(1,47))),((29,(48,(25,42))),(5,((50,(19,31)),40))))),((34,(30,9)),((18,((71,(92,70)),((((89,57),((100,56),(88,83))),((82,(64,(97,55))),((96,(54,87)),(67,68)))),(93,(58,((62,99),(75,86))))))),(27,20)))),10,23);
(((67,87),(68,(96,54))),97,((64,82),(66,60)));
(36,((75,86),((83,(81,(88,((100,(56,89)),57)))),(73,((77,(95,((84,76),61))),(69,72))))),((((94,(60,((((50,(47,(1,5))),((12,(32,(37,28))),7)),18),(((((44,35),(27,20)),(23,10)),(40,((48,(42,(25,29))),((31,19),((((26,3),38),(52,(30,(49,16)))),2))))),(9,34))))),66),59),((65,(63,85)),((90,(79,78)),(53,((80,91),74))))));
((65,(63,85)),91,(80,74));
(50,(40,11),(31,19));
(((((47,1),5),(((50,19),(40,31)),(11,36))),(52,((29,(42,(48,25))),(38,(26,((2,16),(3,49))))))),((18,34),((44,35),(20,27))),(((((32,28),37),(12,41)),(7,(45,6))),(23,10)));
(7,(45,6));
((((16,2),((((40,11),(31,19)),50),5)),52),(49,3),((((48,25),42),38),26));
(75,(70,92));
((87,(67,96)),70,((93,58),((75,86),92)));
((53,65),(85,63),94);
((((67,(54,87)),(68,(82,(64,97)))),(55,96)),75,((((99,(93,(58,71))),(62,70)),92),((61,(72,(76,(95,77)))),((73,(69,(((83,88),57),((89,56),(100,81))))),84))));
(64,((68,54),((67,((60,((59,(((90,79),78),98)),66)),(94,((53,((85,63),65)),((91,80),74))))),96)),97);
(53,65,(85,63));
(((87,54),(67,96)),82,((64,97),55));
((((75,86),((58,93),(70,92))),((100,((57,89),(((83,88),81),56))),(((76,(84,69)),(73,72)),(77,(61,95))))),((67,(68,(96,(54,87)))),(64,(82,97))),55);
(10,((20,18),((30,9),34)),(27,((7,(41,12)),((6,45),(((51,15),(13,8)),(((17,(46,21)),43),24))))));
(8,(((((24,51),17),13),14),(43,(46,21))));
(3,38,(26,(49,52)));
((46,(21,43)),14,8);
(55,64,(97,82));
(83,((89,(57,(56,100))),(81,88)));
(((75,86),((70,92),((71,(99,62)),(93,58)))),(((((73,72),69),(84,76)),(95,(77,61))),((81,88),(56,((100,57),89)))),(55,(68,(96,67))));
((26,((16,2),(52,(25,(((42,48),29),49))))),(7,((37,(32,28)),(12,41))),((23,10),((36,((6,45),(18,(((5,(47,1)),(40,50)),11)))),(((34,(27,20)),(35,44)),(30,9)))));
(68,((96,(54,87)),67),((97,(0,(((8,14),((4,43),(51,(46,21)))),((13,39),((22,15),17))))),((55,(82,64)),((60,(59,(((91,(53,(80,74))),((63,85),65)),(94,((79,(90,98)),78))))),(81,(((71,((58,(93,(99,62))),(92,70))),(75,86)),((83,((100,(89,57)),56)),(77,(72,(69,(76,(73,84))))))))))));
(((45,6),(((10,23),(37,((32,28),(41,12)))),(((38,26),((3,(16,2)),(49,52))),((50,(11,(19,(40,31)))),((48,25),(29,42)))))),(15,((13,(43,(24,(((8,14),51),(21,(17,46)))))),(33,(39,4)))));
(88,(((70,92),(99,71)),73),(58,(86,75)));
((22,15),13,(33,(39,4)));
((36,((31,(50,(((3,((2,((38,26),16)),49)),52),((((5,47),11),19),40)))),1)),18,(34,((20,27),(((((45,6),((28,32),((41,(37,12)),7))),(23,10)),(15,(24,(51,(((17,(21,46)),13),((14,8),((43,(33,4)),39))))))),(9,30)))));
((((((33,13),((4,39),22)),(8,(51,24))),(15,(14,(43,21)))),(((((49,(2,16)),(3,(26,38))),52),((27,20),((36,((31,(40,19)),11)),(48,((25,42),29))))),(((12,41),(7,((37,(6,45)),(28,32)))),(47,1)))),((44,35),(34,(9,30))));
(63,((55,(68,(((54,(67,87)),((97,82),64)),96))),(((27,20),(((39,(14,8)),(33,(13,21))),(((((35,44),(((38,(47,50)),((11,26),(19,(40,31)))),(5,(1,36)))),52),(((51,24),(29,((42,48),25))),2)),((16,(23,49)),3)))),(((10,(12,(37,((7,(45,6)),(28,(41,32)))))),15),(((30,9),34),18)))),(53,59));
(15,(39,4));
((((((55,(54,96)),(87,(67,68))),(97,(82,64))),((92,71),((62,99),(70,81)))),((((89,((57,56),83)),100),(88,(61,(((84,73),(72,(76,95))),69)))),(86,75))),((65,(85,63)),(53,(91,(74,80)))));
((96,((54,68),(67,87))),((11,(((3,(29,((((((47,16),26),49),42),25),48))),((52,2),(5,(19,(31,40))))),(36,38))),(((10,23),((45,6),(12,(37,((28,32),(7,41)))))),((33,(39,4)),(43,((46,21),((51,(24,((8,14),17))),22)))))),(94,(((91,(80,74)),(53,((63,85),65))),(98,(60,(78,(79,90)))))));
(11,(50,((31,19),40)));
(((90,(78,79)),98),(53,(65,(85,63))),94);
(15,22,((24,(51,((43,46),21))),(8,(17,13))));
(18,((((20,44),(((9,34),35),(27,30))),(48,((26,((36,(47,(5,(31,((50,(40,19)),11))))),38)),((2,16),(23,10))))),((4,33),((24,((46,43),21)),14))));
(48,((16,2),26),42);
(81,(56,((100,89),57)),(88,83));
(((((((8,14),17),((43,(46,21)),(24,51))),13),(33,(4,39))),(15,22)),((35,44),(9,(((27,20),30),34))),((23,10),((47,36),(11,((19,40),50)))));
(61,(84,((77,72),(69,73))),(76,95));
