((43,21),46,17);
(21,((8,14),(33,(39,4))));
((8,14),24,51);
(40,(19,31));
((((49,52),((16,3),2)),((38,25),(29,(42,48)))),((4,((43,(21,46)),(17,13))),(33,(15,22))),((((40,(31,19)),(11,50)),(5,(47,(36,1)))),((34,(9,(30,35))),(18,((6,45),(41,(7,(12,((28,32),37)))))))));
(0,(((28,(((7,12),41),32)),((((13,((43,21),46)),((39,(33,4)),((8,14),(51,24)))),((45,6),((52,(19,31)),(38,(((((11,50),40),49),26),3))))),(10,23))),37));
(((92,70),((62,99),(71,(58,93)))),(75,86),((72,(((69,73),((95,61),(76,84))),77)),((83,88),((100,81),(56,(89,57))))));
((((57,89),(100,56)),(81,(83,88))),95,(69,((77,(73,72)),(61,(76,84)))));
(((((90,(79,78)),59),60),66),(53,(91,(80,74))),((85,(63,65)),94));
(5,(1,47));
(39,(22,15),(((13,(((14,8),(51,24)),((43,17),(46,21)))),4),33));
(((((14,8),((39,(22,33)),(4,15))),((46,21),(43,17))),(13,(24,51))),(30,9),(34,((44,35),(18,(27,20)))));
(((8,14),(17,((43,((((4,39),33),46),21)),((24,51),13)))),18,(((((((73,(69,(84,76))),(86,75)),((95,(61,77)),(81,(((((100,89),57),56),83),88)))),(((92,((((94,71),70),99),93)),((58,(90,(79,78))),(((53,(80,(74,91))),(65,98)),(85,63)))),(72,(60,(66,59))))),62),36),((52,((49,(38,26)),(2,(16,3)))),((((29,((6,45),((41,(((7,28),32),37)),12))),(42,(48,25))),(27,20)),(((34,(30,9)),(5,((19,((50,40),31)),11))),(44,35))))));
(((54,68),(67,87)),55,(64,82));
(69,(77,(76,84)),(61,95));
((13,51),(21,46));
(((84,76),73),100,57);
((46,(24,21)),17,13);
((58,(71,93)),(70,92));
((((82,(97,64)),55),67),(96,(54,87)));
((98,(79,(90,78))),59,60);
((86,(((70,92),((99,62),(93,71))),((95,61),(((76,73),77),69)))),((64,(97,82)),((87,54),(67,(68,96)))));
(28,(((41,12),37),32));
(0,((78,((29,(25,42)),(((47,1),5),((3,(7,(9,30))),(41,((((((((((((((((((((20,27),44),34),11),31),40),50),36),38),26),49),52),16),2),6),45),28),32),37),12)))))),(90,79)),((94,(93,((75,((((70,92),58),71),86)),(62,99)))),(66,(98,59))));
(94,((79,(98,((((90,78),60),59),66))),(76,(57,((61,(84,((88,(((((((100,56),89),81),77),72),73),69)),83))),95)))));
(((((85,(65,63)),((91,(((98,90),79),78)),(59,66))),(72,76)),(((75,((((62,99),93),58),70)),92),((97,(55,((82,(((68,87),67),54)),64))),96))),((((33,((((17,13),43),24),4)),((14,8),39)),(51,(46,21))),22),(31,(((5,(((((((26,2),16),38),52),49),40),19)),((12,41),((((32,28),18),10),(23,(((((((((30,9),44),35),27),20),37),6),45),7))))),((3,(48,(42,(29,25)))),(11,50)))));
((83,(86,((75,(((((57,89),56),88),61),84)),100))),((69,81),((((62,(76,95)),(99,(71,((((73,77),70),58),93)))),72),92)),(97,(55,((((64,82),68),(54,87)),67))));
(((((8,14),(13,(51,24))),((33,(23,10)),((48,(42,25)),(((16,(26,49)),(38,52)),(2,3))))),43),21,46);
(13,46,(43,21));
((33,((14,8),(24,51))),4,39);
((94,(63,85)),90,(78,79));
((91,(53,(65,85))),(80,74));
(22,((17,(21,((46,(43,14)),8))),(13,15)),(39,4));
(73,61,(95,84));
(95,(92,70),(61,(76,84)));
((72,(((77,61),(84,(76,95))),(73,69))),(((64,82),(67,((54,96),87))),68),((59,((60,((((79,78),90),98),(66,94))),((53,(91,(80,74))),(65,(63,85))))),97));
((41,12),32,(37,28));
((((((26,3),(38,(16,2))),52),49),((29,(42,25)),48)),(5,(1,47)));
(98,(90,(79,78)));
(22,(39,(4,33)),((8,14),((51,(17,(46,21))),(13,24))));
(42,25,(29,48));
((90,79),98,78);
(4,13,(46,21));
(((33,(4,39)),(((((45,6),((37,(32,28)),(12,41))),7),(((3,((36,(5,(1,47))),(50,((19,40),(31,11))))),((38,((49,26),52)),((16,2),(((25,42),48),29)))),(10,23))),(22,15))),((51,24),(21,(46,(43,((8,14),17))))),13);
((34,(44,35)),30,9);
(((52,49),(26,38)),(3,2),16);
((92,70),(93,58),(62,99));
((37,(32,28)),7,(41,12));
(4,((14,8),(13,((51,24),17))),(39,33));
((28,(37,32)),6,45);
((75,86),68,(87,(54,(96,67))));
(((98,(79,(78,90))),(((((60,(65,(63,85))),80),53),(91,74)),94)),((81,(56,89)),((57,83),(100,88))),(70,((99,62),(93,((58,71),92)))));
(49,(2,3),38);
((5,40),31,19);
(((((93,(58,71)),(62,99)),(92,70)),(75,86)),((87,97),((82,55),(54,96))),(68,67));
((((((45,6),(7,((12,41),((37,28),32)))),(50,((1,(36,5)),47))),(((35,44),(((34,(9,(48,(((26,(38,(3,(16,2)))),(52,49)),((42,25),29))))),((20,27),30)),(43,17))),((46,21),(((39,((8,14),(22,15))),(51,24)),(33,4))))),(23,10)),((53,(63,85)),(94,((66,60),98))),((68,((96,87),67)),((((86,75),(92,70)),((62,99),(71,(58,93)))),((((77,73),69),(72,81)),(((88,((56,89),100)),83),57)))));
((((36,(32,37)),28),(41,((6,45),12))),(((15,21),13),((((8,14),17),46),24)));
(50,(11,31),(19,40));
((24,51),8,14);
(((15,22),(17,(((51,(14,8)),13),(43,(21,46))))),18,(((((44,35),(9,(30,34))),(27,20)),(((45,6),((((41,12),(37,28)),32),7)),(10,23))),(3,((26,(2,(16,(52,38)))),49))));
((60,(66,(94,(((74,(91,80)),53),(65,(63,85)))))),((96,(67,(54,87))),(((97,68),(55,82)),64)),(((70,92),(((71,((99,62),58)),(75,86)),93)),(81,((((100,56),(89,57)),((95,61),(76,(73,(69,72))))),88))));
(97,(64,(82,67)),(68,55));
(((12,(6,45)),(((32,37),41),(28,7))),(((11,(19,31)),(40,50)),((48,(42,(25,29))),(5,(1,36)))));
(72,57,((100,89),56));
(6,37,(32,28));
(11,(16,(3,2)),((26,49),(52,38)));
(18,27,(44,(20,35)));
(36,((75,86),((83,(81,(88,((100,(56,89)),57)))),(73,((77,(95,((84,76),61))),(69,72))))),((((94,(60,((((50,(47,(1,5))),((12,(32,(37,28))),7)),18),(((((44,35),(27,20)),(23,10)),(40,((48,(42,(25,29))),((31,19),((((26,3),38),(52,(30,(49,16)))),2))))),(9,34))))),66),59),((65,(63,85)),((90,(79,78)),(53,((80,91),74))))));
((((((((69,(95,84)),72),((76,(77,61)),73)),(((100,(83,81)),57),(56,88))),((70,(58,((71,(99,62)),93))),92)),(75,86)),((87,(54,96)),(((64,(55,82)),67),68))),((74,80),((65,94),(85,63))),(53,(((15,(22,((13,((21,(46,((51,17),(8,14)))),43)),(33,(39,4))))),(18,((9,30),(34,(((41,12),((28,37),32)),(7,(45,6))))))),((38,49),((3,((23,((5,(1,47)),((31,36),((11,40),(50,19))))),(42,(25,(29,48))))),(52,26))))));
(13,(15,((39,(((46,21),(43,22)),4)),33)),(17,((24,51),(8,14))));
(((92,((((58,71),93),(62,99)),((81,((88,((89,100),(57,56))),83)),70))),(86,75)),((68,(10,(((((34,((44,35),(30,9))),(27,20)),(((((47,36),(5,1)),(((50,11),(31,40)),19)),((((2,16),3),(38,(49,52))),26)),(42,(29,(25,48))))),(18,((45,6),((12,41),(28,32))))),23))),((67,(96,(54,87))),(55,(97,(64,82))))),(94,(((90,(79,78)),(59,(66,60))),((53,(91,(74,80))),(65,(63,85))))));
((11,(50,(40,(19,31)))),(47,(5,1)),36);
(((72,(((73,(95,(76,84))),69),(77,61))),(((90,(79,78)),(((66,60),59),(94,((74,(80,91)),(63,(85,65)))))),98)),(15,0),((((31,(((47,(5,1)),11),(50,19))),(((38,(16,2)),(48,(42,(29,25)))),(26,(52,49)))),3),((43,(17,(46,21))),((8,13),((14,(51,24)),(((((35,44),(9,(34,30))),(27,20)),(28,((7,(45,6)),(37,32)))),(23,10)))))));
(95,(83,57),89);
((((67,(54,87)),(68,(82,(64,97)))),(55,96)),75,((((99,(93,(58,71))),(62,70)),92),((61,(72,(76,(95,77)))),((73,(69,(((83,88),57),((89,56),(100,81))))),84))));
((86,75),(55,(((67,(87,(97,96))),82),(64,68))),((62,99),(92,(70,(58,(93,71))))));
(((18,(44,(((72,((60,((59,(((78,90),79),(94,((53,(91,(74,80))),((63,65),85))))),66)),(((((81,84),69),(56,((((((((68,77),95),76),61),88),89),57),100))),((73,(71,((92,(((93,99),58),70)),62))),(87,54))),(83,55)))),96),35))),((31,(((19,50),11),40)),(6,45))),(30,34),((39,4),(27,(22,15))));
((67,((68,(96,(87,54))),(55,(97,82)))),53,(((98,(90,(78,79))),94),((66,59),((65,(85,63)),(80,(91,74))))));
((((34,9),((30,((67,(97,82)),(68,((96,(((74,94),(91,((65,(63,85)),(((79,78),90),(60,(59,66)))))),80)),(87,54))))),(18,(6,(7,((37,(32,28)),(12,41))))))),(35,44)),((25,(48,(42,29))),(26,((52,((5,(1,47)),38)),(49,(3,(2,16)))))),(27,20));
((55,(64,(97,82))),(68,96),(67,87));
(67,((54,87),96),68);
((15,(14,8)),((21,46),((13,43),17)),22);
(17,22,(((33,(39,4)),8),(43,(46,21))));
(55,64,(97,82));
(67,(55,(87,54)),96);
(((((15,43),((17,(46,21)),(14,8))),33),13),39,4);
((22,15),((13,(14,8)),(4,(39,33))));
(90,79,(78,((98,94),((60,(66,59)),(((61,((76,95),84)),(77,(69,(72,73)))),((81,(88,83)),(((58,(71,((82,97),((((68,55),(96,(54,87))),67),64)))),93),(((70,92),(62,99)),75))))))));
(((45,6),(((10,23),(37,((32,28),(41,12)))),(((38,26),((3,(16,2)),(49,52))),((50,(11,(19,(40,31)))),((48,25),(29,42)))))),(15,((13,(43,(24,(((8,14),51),(21,(17,46)))))),(33,(39,4)))));
(78,79,(98,90));
(22,(7,(6,45)),24);
((83,(69,((66,(((79,90),78),59)),(((80,(53,91)),74),((65,(85,63)),94))))),((((29,((((52,26),49),16),48)),(((40,(50,(31,19))),(1,(36,(47,5)))),38)),((23,10),2)),(((((4,39),(8,14)),((33,51),24)),(17,(21,(46,43)))),(15,22))),((((((27,20),18),(35,44)),(9,(34,30))),((6,45),(12,(7,(41,(28,32)))))),(25,42)));
((71,(58,93)),(62,99),(70,92));
(19,((((50,(47,1)),11),31),40));
((((((29,25),42),3),26),49),52);
((81,(88,95)),83,((77,(84,(61,76))),(72,(73,69))));
((40,50),19,31);
(91,(85,(65,63)),53);
(74,91,(85,63));
