(22,((33,43),17),46);
(0,(((90,78),79),(((66,(59,60)),((65,53),(94,(85,63)))),98)),(15,(((((51,24),14),(21,(8,46))),(((13,33),(((6,(45,(7,((28,32),(12,(37,41)))))),((34,(35,44)),((30,(27,20)),18))),22)),(4,39))),(((((((3,16),(2,50)),(31,((11,40),19))),(52,(38,26))),(42,((49,48),25))),((1,(36,(5,47))),(17,(23,10)))),29))));
((80,(91,74)),((66,59),(85,63)),(65,(94,(((68,54),(((87,67),(96,55)),(82,64))),((35,(23,10)),((30,9),((((19,31),((((36,(47,1)),(11,50)),5),40)),(18,(29,(48,(25,42))))),((8,22),(51,(24,((((27,20),(46,21)),43),17)))))))))));
(48,(25,(29,42)));
(((90,79),78),98);
(54,((96,68),(82,55)),67);
((((7,(6,45)),((50,((19,31),(11,40))),((42,(48,25)),(38,(52,((49,26),(16,(2,3)))))))),(23,10)),34,((30,9),((20,27),(44,35))));
((68,(54,(96,87))),82,64);
((((86,75),(56,(83,(100,(57,89))))),(((99,62),(71,(58,93))),(92,((82,64),(((67,96),(87,54)),68))))),(80,(91,74)),(53,(65,(63,85))));
((6,45),((((4,33),(((((14,8),(51,24)),13),(21,46)),43)),39),15));
((22,((29,(25,42)),17)),((((8,14),(13,(24,51))),18),(46,(21,43))),(((((10,(5,(36,(47,1)))),(28,(((12,6),32),(45,((7,37),41))))),((34,((9,30),(27,20))),(44,35))),(52,(15,4))),38));
((91,(74,80)),65,(63,85));
((6,(7,((12,41),(37,(32,28))))),(23,10),(22,((((34,(30,9)),((27,20),(15,18))),(35,44)),((((5,1),(36,47)),((31,(50,11)),(19,40))),((29,(48,(42,25))),(16,(((38,3),49),2)))))));
(33,(17,(21,46)),(51,((8,14),24)));
(96,(97,64),(55,82));
(((62,99),((92,70),(58,(93,71)))),(75,86));
((96,68),((55,97),(64,82)));
(72,((86,75),(71,((99,62),(58,93)))),((83,88),(57,(89,100))));
(29,25,(42,48));
((((68,(67,(96,87))),(55,(82,(64,97)))),(((75,86),(((69,(77,(95,(84,76)))),(((83,81),73),72)),(89,(88,(56,(57,100)))))),(98,(59,(60,66))))),24,(51,(((39,(4,33)),(22,15)),(((14,8),13),17))));
((((43,(51,24)),(22,(15,(((((48,(29,(25,42))),((52,49),(26,38))),(((5,1),36),(50,(40,(19,31))))),((35,44),((34,(9,30)),(18,(27,20))))),((28,(12,41)),((7,(45,6)),(37,32))))))),(14,8)),46,((13,17),21));
(90,(78,79),94);
((94,(53,(((59,(66,60)),(79,(78,90))),98))),((74,91),80),(65,(85,63)));
(35,(((34,9),27),20),44);
(49,((26,52),(16,(2,3))),(38,(5,((36,47),1))));
(((3,(27,20)),17),(36,47),((19,(((5,50),40),31)),11));
((60,(((78,(90,79)),98),(59,66))),(65,(53,((91,(63,85)),(74,80)))),94);
(38,((16,3),49),26);
(((((((65,85),63),53),90),79),78),98);
(55,((68,(87,54)),(67,96)));
((36,(((1,47),(((9,((18,34),(30,(27,20)))),((10,23),(33,(((((43,((51,24),(8,14))),(17,(21,46))),(22,13)),4),39)))),(((29,(48,(25,42))),(6,((32,((((37,12),41),28),7)),45))),((38,((26,((3,2),16)),52)),49)))),(50,(11,(40,(31,19)))))),((((((91,80),74),(94,((65,(63,85)),53))),98),(66,59)),((79,90),78)));
(81,((75,86),((62,99),((97,((82,(64,(68,67))),55)),92))));
((58,93),(62,99),71);
((((99,62),71),(93,58)),(70,92));
((21,(43,46)),17);
((48,42),29,25);
(53,94,((74,(80,91)),((63,(65,85)),((59,66),(78,(90,79))))));
(((((98,(90,(79,78))),(66,(60,59))),(94,((((91,74),80),53),((63,85),65)))),((96,67),(((82,64),97),55))),(54,87),(5,(((11,(50,((40,31),19))),((34,(((18,(44,35)),(((39,4),(22,15)),((((14,8),(51,24)),((46,21),(43,17))),13))),(30,(9,(27,20))))),((23,10),((48,(25,(29,42))),(52,(3,((2,16),((49,26),38)))))))),(1,47))));
(60,(59,66));
(53,((98,(66,59)),((39,33),(((17,(46,(21,43))),(24,(51,(8,14)))),(22,15)))),(60,((((97,(55,(82,64))),((54,67),(96,87))),68),(((72,(((73,(77,95)),69),61)),(76,84)),((99,62),((92,70),((71,(93,58)),(86,75))))))));
((((80,(91,74)),(65,(63,85))),(94,((66,(59,60)),(98,(78,(90,79)))))),((55,96),(67,((54,87),(82,97)))),((((81,(83,(88,(89,(57,100))))),((((72,84),69),((61,77),95)),(73,76))),(((62,99),(93,(58,71))),(92,(0,70)))),(86,75)));
(15,((8,14),(24,(21,(43,46)))),((4,39),33));
(((94,((60,(98,((79,90),78))),((53,((80,(91,74)),(65,(63,85)))),(59,66)))),(((58,(92,70)),((99,62),(93,71))),((((67,(96,87)),54),(82,64)),97))),18,((20,27),((((33,(39,4)),(22,15)),(10,23)),((((36,((47,5),((50,(40,((19,31),11))),1))),((48,(42,25)),(((49,38),26),((2,16),29)))),(44,35)),(34,(30,9))))));
((((90,(79,78)),(((98,59),66),60)),(65,(53,(85,63)))),(61,((96,(67,(68,(54,87)))),((92,(((99,62),(58,(71,93))),70)),(86,75)))),((((77,(((57,83),(56,100)),89)),(84,76)),95),(72,(73,69))));
(((52,49),(26,38)),(3,2),16);
(81,(88,83));
(12,((45,6),41),((32,28),(((((1,(47,5)),36),50),((19,(11,40)),31)),((23,10),(18,(((9,30),(27,20)),(35,44)))))));
((28,(37,32)),6,45);
((8,14),51,24);
(50,(40,19),(11,31));
((21,46),(51,43));
(((((85,63),65),80),(91,74)),94,((60,(78,79)),(53,90)));
(88,(89,((57,81),83)),(100,56));
((((75,86),(92,70)),(((71,(99,62)),93),58)),(100,(89,(56,57))),(((77,(84,76)),(72,(98,(64,((55,((96,(87,54)),(68,67))),97))))),(95,(69,73))));
((8,51),24,14);
((33,(39,4)),(((((14,8),13),(17,43)),(21,46)),(24,51)),(22,15));
((45,6),((28,(12,7)),((37,32),41)));
(((20,27),(34,(9,30))),((2,16),(((26,((52,49),3)),38),((19,(40,(11,50))),(36,(5,(1,47)))))),(29,(48,(42,25))));
(((23,10),((((29,(((26,(2,16)),3),(49,52))),48),(5,(47,(1,36)))),(38,(42,25)))),(22,(4,33)),(((46,21),17),(((51,24),(14,8)),43)));
(18,((27,20),(((44,9),(35,34)),30)));
(72,57,((100,89),56));
(((67,87),(68,(96,54))),97,((64,82),(66,60)));
((22,(4,39)),18);
(100,(81,(89,56)),57);
(((((64,(68,97)),(82,(54,(67,55)))),96),87),((((80,(91,74)),94),(53,(65,(85,63)))),(66,((59,((90,(78,79)),98)),60))));
(((((47,1),5),(((50,19),(40,31)),(11,36))),(52,((29,(42,(48,25))),(38,(26,((2,16),(3,49))))))),((18,34),((44,35),(20,27))),(((((32,28),37),(12,41)),(7,(45,6))),(23,10)));
(((41,12),(37,(32,28))),7,(6,45));
(((((((49,(16,3)),(26,52)),(48,((29,42),25))),38),(((11,50),(31,19)),((5,(47,1)),36))),33),39,22);
(100,((((73,81),56),(88,76)),((61,84),((83,72),(77,69)))));
(52,(26,38),((3,2),((29,(42,25)),48)));
((10,23),20);
((((44,35),((34,(9,30)),(20,27))),(((((5,(1,47)),((40,(11,(42,(25,(29,48))))),(19,(31,50)))),16),(52,49)),(38,26))),(22,15),(39,(33,4)));
(34,(9,30));
((20,((27,35),34)),(44,(30,9)));
((67,((68,(96,(87,54))),(55,(97,82)))),53,(((98,(90,(78,79))),94),((66,59),((65,(85,63)),(80,(91,74))))));
(((87,54),(67,96)),82,((64,97),55));
(60,94,(((53,(((80,74),91),(85,(65,63)))),((90,(78,79)),98)),(59,66)));
(13,46,(21,(17,43)));
(((13,(((33,4),39),((22,((34,(18,(9,(((10,23),((((48,(42,(29,25))),((11,50),16)),(3,2)),((38,(52,49)),26))),((6,45),((12,(((7,28),32),41)),37)))))),(20,27))),15))),((8,((46,(43,17)),21)),14)),(51,24));
(89,(92,((70,86),75)),(((69,(((((72,77),76),84),95),61)),73),83));
(88,(((((((73,77),95),81),100),57),56),89));
((60,((53,((80,74),91)),94)),98,((90,(79,78)),(59,66)));
((22,15),((13,(14,8)),(4,(39,33))));
(1,34,(7,((((((((20,((((((30,(38,((((((((((((((((((((((((((((((((((((((((((80,((((((((((82,((((((96,((((((((76,(72,((((((((((((((70,92),86),75),71),62),99),58),93),73),69),61),84),77),95))),89),57),100),56),81),88),83)),54),87),68),64),55)),97),67),59),66),60),98),90),78),79)),74),91),65),85),63),53),94),22),15),33),39),4),43),46),21),17),24),51),14),8),13),23),10),11),50),40),19),31),36),47),5),42),25),48),29),3),16),2),49),52),26))),18),44),35),9),27)),6),45),12),41),32),28),37)));
((((8,14),((24,15),(33,(4,39)))),(43,17)),(46,21),18);
(((((94,(63,65)),85),53),(91,(80,74))),(76,((72,77),(73,((95,(84,61)),81)))),(0,(((55,64),(67,68)),(82,97))));
((83,(69,((66,(((79,90),78),59)),(((80,(53,91)),74),((65,(85,63)),94))))),((((29,((((52,26),49),16),48)),(((40,(50,(31,19))),(1,(36,(47,5)))),38)),((23,10),2)),(((((4,39),(8,14)),((33,51),24)),(17,(21,(46,43)))),(15,22))),((((((27,20),18),(35,44)),(9,(34,30))),((6,45),(12,(7,(41,(28,32)))))),(25,42)));
((72,(((95,(84,76)),(86,75)),((77,61),(73,(((62,99),(71,(93,58))),(69,((57,(100,(56,89))),((83,88),81)))))))),98,((60,66),(94,((80,(91,74)),((65,(85,63)),53)))));
((21,(8,14)),((46,(24,17)),13));
((63,((85,65),53)),60,((59,66),(98,(90,(78,79)))));
((96,((54,68),(67,87))),((11,(((3,(29,((((((47,16),26),49),42),25),48))),((52,2),(5,(19,(31,40))))),(36,38))),(((10,23),((45,6),(12,(37,((28,32),(7,41)))))),((33,(39,4)),(43,((46,21),((51,(24,((8,14),17))),22)))))),(94,(((91,(80,74)),(53,((63,85),65))),(98,(60,(78,(79,90)))))));
(7,(45,6),(34,(((20,(9,30)),(((50,40),((3,(((42,25),(29,48)),(((49,52),(26,38)),(16,2)))),((5,(36,47)),((31,19),1)))),18)),(22,15))));
(94,(78,(90,79)),98);
((38,26),2,52);
((22,((39,33),4)),(41,(7,((37,(28,32)),(12,(45,6))))),((((26,(3,38)),(((31,(36,11)),(47,(52,(5,(19,40))))),(49,(2,16)))),(29,(48,(42,25)))),((34,((44,(18,35)),(30,9))),(23,10))));
(((97,(68,((55,(82,64)),(87,(67,(54,96)))))),(((94,(98,((66,59),60))),(((74,(91,80)),(65,53)),(85,63))),(56,(((88,57),89),100)))),(((((12,((37,((41,32),28)),7)),(6,45)),(((5,(1,47)),((31,((11,19),50)),(40,36))),((9,(34,(30,(20,27)))),((35,44),((((((24,14),(4,39)),(22,15)),(33,13)),8),51))))),(23,10)),18));
(100,(89,57),56);
((81,(88,95)),83,((77,(84,(61,76))),(72,(73,69))));
(((57,100),(89,56)),81,88);
