((43,21),46,17);
((38,(49,52)),26,(3,(((48,(29,25)),42),((2,16),((((1,(47,5)),(((41,(12,(37,(32,28)))),(7,(6,45))),(((22,((((14,8),(17,(51,24))),(46,21)),43)),(4,33)),39))),((40,(19,31)),(50,11))),36)))));
((12,((37,28),32)),41);
(12,(37,((7,32),28)),41);
(22,((33,43),17),46);
((4,39),13,(24,51));
(21,((8,14),(33,(39,4))));
((23,10),(((12,((50,11),(49,(((52,29),((48,(((((19,31),2),16),42),25)),(26,38))),(3,(1,(5,(47,36)))))))),(32,((28,37),(7,(45,6))))),41));
((13,((24,((((17,43),46),21),14)),8)),(22,15),((33,(39,4)),(((23,10),((((5,1),(47,36)),((50,((40,19),11)),31)),((3,(((52,26),16),2)),(49,38)))),((32,(7,12)),41))));
(43,(7,(15,14)));
(((30,10),((24,((27,20),((44,35),17))),(28,37))),39,4);
(39,((((((18,((((37,28),32),12),41)),9),21),46),51),8),4);
(0,(((90,78),79),(((66,(59,60)),((65,53),(94,(85,63)))),98)),(15,(((((51,24),14),(21,(8,46))),(((13,33),(((6,(45,(7,((28,32),(12,(37,41)))))),((34,(35,44)),((30,(27,20)),18))),22)),(4,39))),(((((((3,16),(2,50)),(31,((11,40),19))),(52,(38,26))),(42,((49,48),25))),((1,(36,(5,47))),(17,(23,10)))),29))));
((8,14),24,51);
(40,(19,31));
(((51,17),(14,24)),((46,21),43));
((10,23),((18,(29,((48,25),(42,(3,(38,(52,(49,26)))))))),(34,(20,27))),(35,(22,((((8,14),(51,24)),(39,4)),(33,13)))));
((25,((29,42),48)),((49,(26,16)),(2,(3,52))),(38,(((((((7,(((28,37),32),41)),12),(45,6)),10),((23,((30,9),(34,(44,(35,(27,20)))))),18)),((15,(39,33)),((8,(17,14)),(13,24)))),((50,(19,(11,31))),(5,(1,36))))));
(60,(80,74),91);
((80,(91,74)),((66,59),(85,63)),(65,(94,(((68,54),(((87,67),(96,55)),(82,64))),((35,(23,10)),((30,9),((((19,31),((((36,(47,1)),(11,50)),5),40)),(18,(29,(48,(25,42))))),((8,22),(51,(24,((((27,20),(46,21)),43),17)))))))))));
(48,42,(29,25));
((10,23),(6,45),((28,37),(32,(12,41))));
(7,32,(28,37));
((37,(41,12)),(28,32));
(5,1,(36,47));
(48,(25,(29,42)));
(15,(((((4,39),33),(43,22)),((51,(8,14)),24)),13),17);
((((((19,31),(11,50)),40),(((49,16),(3,((52,(2,26)),38))),(29,(25,(48,42))))),((1,47),5)),((6,45),7));
(6,((52,(29,(25,42))),(((49,(16,26)),3),(2,38))),(((35,44),((((23,10),((20,27),18)),(((15,(43,(17,(46,21)))),(4,(33,(39,22)))),(13,((51,(8,14)),24)))),((12,41),(28,(32,7))))),((47,(1,5)),((11,(19,40)),(31,50)))));
(41,(32,28),37);
(40,(5,47),36);
(50,40,(31,19));
(((5,1),31),((11,40),19));
((5,(1,36)),47);
(43,13,((46,21),17));
(((90,79),78),98);
(54,((96,68),(82,55)),67);
(7,((32,37),(41,12)),28);
((81,70),(100,89));
((93,(99,58)),71,62);
((86,(((70,92),(62,99)),71)),(72,75),57);
((((62,99),(70,92)),((100,89),(83,56))),81,(88,57));
(((55,(97,(64,82))),((68,(54,96)),67)),(((98,((78,79),90)),(66,59)),(53,(65,((91,74),80)))),((75,86),(((71,(70,(99,62))),(93,(92,58))),((81,83),(((77,(76,72)),(88,69)),(61,(95,84)))))));
((((83,((84,(95,61)),76)),(((81,72),(57,100)),((88,56),(89,(73,69))))),(((((99,62),71),(75,86)),(58,93)),92)),((65,94),(((78,79),((((59,66),60),90),98)),(53,(63,85)))),((64,54),((67,(87,96)),(68,(97,55)))));
((22,15),(((21,46),(8,(14,(51,24)))),(43,17)));
((((7,(6,45)),((50,((19,31),(11,40))),((42,(48,25)),(38,(52,((49,26),(16,(2,3)))))))),(23,10)),34,((30,9),((20,27),(44,35))));
((39,4),33,((((((35,44),(30,((20,27),9))),18),((45,6),((7,(37,(28,32))),(12,41)))),((((31,(50,(40,(11,19)))),(5,(1,47))),((38,(((52,(26,(2,16))),(49,3)),(25,(48,29)))),36)),(23,10))),(13,(17,((8,(14,51)),(43,(21,46)))))));
((((13,(17,43)),(51,(14,8))),(((39,4),33),15)),(23,10),((11,(((((26,38),((52,3),(49,(25,((42,29),48))))),(2,16)),((40,19),31)),50)),(6,(45,((41,12),(((7,28),32),37))))));
((24,(17,(46,(21,43)))),(33,(39,4)),(13,51));
(18,0,((((10,((28,(7,(45,6))),(37,(32,12)))),23),((13,(15,22)),((33,(39,4)),(((17,24),43),(8,14))))),(((((91,(80,74)),94),((((60,59),66),98),((63,85),53))),65),((68,((96,(87,54)),(64,(97,82)))),((88,83),((((84,(61,76)),77),95),(69,100)))))));
((68,(54,(96,87))),82,64);
((55,97),67);
((97,(67,(87,(68,54)))),(64,55),82);
((((70,92),(58,(71,((62,99),93)))),(75,86)),((96,68),(87,54)));
((((86,75),(56,(83,(100,(57,89))))),(((99,62),(71,(58,93))),(92,((82,64),(((67,96),(87,54)),68))))),(80,(91,74)),(53,(65,(63,85))));
(31,40,(11,19));
(91,((74,80),53));
(73,(69,61));
(94,(53,(((74,80),91),(65,(63,85)))),((66,(60,59)),(79,(78,90))));
(35,44,(27,20));
(11,50,((40,19),31));
(48,(11,(50,((31,19),40))),(36,(5,1)));
((((3,52),(38,49)),(26,(16,2))),42,(25,29));
(((23,10),34),18,(((((39,(33,4)),((2,(((((50,11),((31,40),19)),((3,((36,47),1)),5)),(52,(49,38))),16)),(8,14))),22),((43,(21,46)),((15,13),17))),((44,35),((9,30),(20,27)))));
(33,15,(22,(39,4)));
((1,47),(50,11),(5,36));
((47,(1,((36,(50,(11,(19,40)))),5))),(((44,35),(((20,27),(9,(34,30))),18)),((7,(41,((37,32),(28,12)))),((((17,(46,(43,21))),(14,13)),(8,(51,24))),22))),(10,23));
(((((23,10),((48,(29,(42,25))),(11,(1,(50,(47,((31,(40,19)),5))))))),(18,((27,20),((9,30),(35,44))))),((45,6),34)),((22,15),((((24,51),(43,(46,21))),(17,(8,14))),(33,(39,4)))));
(((93,71),((75,86),(58,(70,(92,(99,62)))))),(72,(((77,84),(76,69)),((61,95),73))),((83,(88,81)),(57,(56,(100,89)))));
(((((87,54),96),((68,55),((97,67),(64,82)))),((((100,(56,89)),57),(88,83)),(((72,(69,(95,84))),76),77))),(((98,(90,(79,78))),(((((91,80),(60,74)),(85,(65,63))),94),53)),(66,59)));
((((59,66),(60,94)),(74,(65,(63,85)))),(((70,92),(71,(93,58))),(99,62)),((((54,((68,(67,87)),96)),(64,97)),55),(75,0)));
((((18,(7,((45,6),((32,28),(41,12))))),(20,27)),(9,(35,44))),((10,23),34),(((3,(((16,2),49),(48,26))),((29,(25,42)),38)),((50,((40,(11,19)),31)),(36,5))));
(((5,(47,1)),(36,(11,((50,(19,31)),40)))),23,10);
((((49,52),((16,3),2)),((38,25),(29,(42,48)))),((4,((43,(21,46)),(17,13))),(33,(15,22))),((((40,(31,19)),(11,50)),(5,(47,(36,1)))),((34,(9,(30,35))),(18,((6,45),(41,(7,(12,((28,32),37)))))))));
((((45,6),(7,((12,41),(37,(28,32))))),(((1,47),(5,36)),(((19,11),(40,50)),31))),(10,23),(((42,29),(25,48)),((16,2),(3,((49,52),(38,26))))));
(((((46,21),14),((24,51),(43,17))),13),(36,(15,22)),(33,(39,4)));
(((((((((65,(85,63)),((80,74),91)),53),((90,(78,79)),(((59,66),60),98))),94),((86,75),((56,(((61,73),(76,(89,84))),(((69,(95,77)),72),(100,57)))),(81,(83,88))))),((58,(71,93)),99)),((67,(96,(87,54))),(((97,68),(64,82)),55))),18,((((30,(9,34)),(27,20)),(7,((43,(13,(17,(((10,23),(((((((48,(29,42)),25),(3,(2,16))),(38,26)),52),49),(36,((11,(50,((19,31),40))),(5,(1,47)))))),((51,24),(8,14)))))),(21,46)))),(35,44)));
((84,76),(((95,(57,((83,88),((56,(89,100)),((((82,(64,97)),(68,(55,(67,((54,87),96))))),(((78,98),((90,79),((66,59),60))),((53,(91,(80,74))),(94,(65,(63,85)))))),(70,((58,(93,(71,(62,99)))),(92,(75,86))))))))),73),(61,69)),(72,77));
((6,45),((((4,33),(((((14,8),(51,24)),13),(21,46)),43)),39),15));
(41,12,(23,10));
((42,25),48,29);
(((5,((1,(36,47)),((11,50),((19,40),31)))),(48,29)),(38,((49,52),((26,3),(2,16)))));
(((34,((35,(((30,9),27),44)),20)),(41,12)),((28,((((45,6),7),37),32)),(10,23)));
(39,(33,4));
(((22,15),(12,41)),43);
(30,(7,(45,6)),((17,43),(21,46)));
((27,(34,((28,32),37))),21,51);
((27,20),13,((51,24),(44,35)));
((13,(14,8)),(24,((((((((((10,23),18),20),17),46),21),22),33),4),39)));
(39,33,(38,((((26,49),16),2),3)));
(6,(((((35,(20,44)),30),9),34),12),45);
(((13,51),((8,14),((46,21),17))),24,43);
((((25,(48,42)),(3,(2,16))),(((((35,44),12),(34,((((7,27),20),9),30))),((41,(28,37)),32)),(6,45))),(22,(24,((43,(46,21)),((17,(8,14)),(39,(33,4)))))));
(((10,23),((22,((33,39),4)),15)),(((18,34),27),(30,(20,9))),(35,44));
((22,((29,(25,42)),17)),((((8,14),(13,(24,51))),18),(46,(21,43))),(((((10,(5,(36,(47,1)))),(28,(((12,6),32),(45,((7,37),41))))),((34,((9,30),(27,20))),(44,35))),(52,(15,4))),38));
(22,(((15,39),((33,4),((((((27,20),34),(9,30)),(44,35)),18),((((((26,49),(3,(2,16))),((29,(42,25)),52)),(38,48)),(6,45)),(7,(((10,28),32),37)))))),((51,((13,14),8)),24)));
(52,29,(48,(25,42)));
(49,(5,47),36);
(0,(((28,(((7,12),41),32)),((((13,((43,21),46)),((39,(33,4)),((8,14),(51,24)))),((45,6),((52,(19,31)),(38,(((((11,50),40),49),26),3))))),(10,23))),37));
(0,((90,(78,79)),53),(((((((92,((((((86,75),81),56),100),89),57)),(99,62)),((70,(58,93)),(71,(73,((61,((((77,84),76),69),95)),72))))),(88,83)),((98,(94,66)),(80,((((65,63),85),74),91)))),59),(((13,(8,39)),(17,((14,(((43,21),24),51)),46))),(((28,(32,37)),7),((41,(9,30)),(((38,((6,45),27)),((((36,(50,5)),(11,((31,19),40))),(1,47)),((49,(26,52)),((16,(2,3)),(42,(25,(48,29))))))),(10,23)))))));
(66,(90,(98,(79,78))));
(((92,70),((62,99),(71,(58,93)))),(75,86),((72,(((69,73),((95,61),(76,84))),77)),((83,88),((100,81),(56,(89,57))))));
(((((91,(80,74)),(85,63)),53),65),((60,66),(98,(90,(79,78)))));
(98,60,(59,66));
((91,(74,80)),65,(63,85));
(90,(79,78));
(53,((80,(74,91)),(63,(65,85))));
(((60,((59,(98,((79,78),90))),66)),(53,(94,(((((4,39),51),33),(((13,17),(14,(24,8))),((46,21),43))),(((10,(23,18)),15),22))))),96,((54,(55,(97,82))),87));
((92,70),86,75);
((6,(45,((((41,12),((44,35),(((((46,21),((13,(24,51)),17)),22),(10,23)),(34,((20,27),(9,30)))))),(32,(28,37))),7))),((((((80,(74,91)),(53,(85,(65,63)))),59),((79,(78,90)),94)),98),60),((((55,87),(68,67)),96),(((86,75),((62,99),(70,((58,93),92)))),(77,((61,((95,84),76)),(((57,(100,(83,88))),(56,89)),(73,(72,69))))))));
(70,(75,86),((71,93),(99,62)));
((((57,89),(100,56)),(81,(83,88))),95,(69,((77,(73,72)),(61,(76,84)))));
((((90,(79,(98,78))),((((91,(74,80)),53),((85,63),65)),(59,(66,60)))),((70,(92,(((93,58),(99,62)),71))),((68,(67,(96,(54,87)))),(97,(64,(82,55)))))),(61,(77,72)),(((69,73),(76,84)),(95,((83,81),(57,((100,(88,89)),56))))));
(((19,31),(40,(50,11))),((47,1),(5,36)));
(7,((32,37),28),12);
(24,13,(43,(46,21)));
((6,(7,((12,41),(37,(32,28))))),(23,10),(22,((((34,(30,9)),((27,20),(15,18))),(35,44)),((((5,1),(36,47)),((31,(50,11)),(19,40))),((29,(48,(42,25))),(16,(((38,3),49),2)))))));
(((((((((38,(((3,52),(2,16)),49)),26),(((48,(29,(25,42))),(36,5)),(31,(19,(((47,1),50),(40,11)))))),((10,23),((6,45),(((28,37),(41,12)),(32,7))))),(33,((((39,4),(((14,8),17),((24,51),43))),(21,46)),(22,13)))),(34,(27,20))),30),9),35,44);
((((((30,(34,((7,(32,(41,((28,37),12)))),(45,6)))),9),18),(27,20)),(((((36,(48,(25,(42,29)))),((((19,31),40),(50,11)),(47,(1,5)))),((26,38),(3,(16,2)))),((33,(39,4)),((17,((21,43),46)),(24,51)))),(10,23))),22,15);
(53,(65,(91,(74,80))));
(98,90,(79,78));
(((((90,(79,78)),59),60),66),(53,(91,(80,74))),((85,(63,65)),94));
(6,45,(37,(32,28)));
((6,45),(37,((28,32),(41,12))),((((4,39),((5,47),((48,(29,(42,25))),((((52,(2,3)),(26,38)),16),(49,(36,(75,(((73,((((72,(77,95)),(69,76)),61),84)),(70,92)),(86,(94,((98,(90,(78,79))),((63,(65,85)),((66,60),59))))))))))))),(((17,43),((24,51),(14,8))),13)),((10,23),((20,(18,27)),(35,44)))));
(34,(((41,(12,(37,(32,28)))),7),(45,6)));
(40,11,((19,50),31));
(5,(1,47));
((47,36),1);
((27,20),10,23);
(43,(((((21,(10,23)),13),(((4,33),39),(51,(15,22)))),((46,17),24)),((18,((34,(9,30)),((20,27),(44,35)))),((45,6),((41,12),(7,((28,32),37)))))),(8,14));
(13,17,((46,21),43));
(7,((32,37),28),(41,12));
((((9,30),34),((44,35),(27,20))),((3,(16,((25,(42,(29,48))),((52,(26,38)),((36,(5,(11,(1,47)))),((2,(50,(31,(40,19)))),49)))))),(10,23)),((45,6),(41,(12,((28,32),37)))));
((23,10),(50,(31,(19,(40,11)))),(((48,(25,29)),42),((((3,(16,2)),38),((36,49),52)),26)));
(39,(22,15),(((13,(((14,8),(51,24)),((43,17),(46,21)))),4),33));
(((((47,1),5),36),((31,((40,19),(11,50))),(42,(25,(29,48))))),(((27,20),(35,44)),(18,((45,6),(7,((41,12),(32,(28,37))))))));
(35,((41,12),(7,(32,(37,28)))),(30,((10,23),((((((14,8),(((13,(33,4)),(39,(17,(24,51)))),((46,21),43))),((((((52,(42,38)),29),(26,49)),((48,(2,16)),((40,(11,(((47,1),(5,36)),(31,19)))),50))),3),25)),44),34),(9,18)))));
(33,(17,(21,46)),(51,((8,14),24)));
(13,(17,(18,15)),39);
((13,(39,(4,33))),((((34,(20,27)),(30,(35,44))),9),((((10,23),((40,(50,((19,31),11))),(22,((5,1),47)))),((((6,45),(41,((32,28),37))),7),12)),((38,((52,(16,(3,2))),49)),(48,((29,(42,25)),26))))),((46,(21,0)),43));
(((71,(93,58)),(99,62)),(92,(75,86)),70);
(0,67,((68,(54,87)),((97,55),(82,64))));
(24,(21,46),(43,17));
(29,48,(42,25));
(50,((31,19),(40,11)));
(36,(((1,47),5),(50,(11,(40,(31,19))))));
((((16,3),((2,(52,49)),38)),26),((47,(1,(11,(((40,31),19),50)))),(5,36)));
((43,(46,21)),((51,24),13));
(((30,(34,9)),18),(35,44),(20,27));
((48,(25,(42,29))),((5,((47,1),(19,(31,40)))),(36,(11,50))),(38,(((16,26),(49,52)),(2,3))));
(41,(28,32),((7,37),((45,6),((((75,86),(92,(((67,68),((97,((55,82),64)),(96,(87,54)))),((((61,84),(76,(73,77))),69),((81,(88,83)),((89,(100,56)),57)))))),(60,(66,(59,((94,((((65,(85,63)),(74,80)),91),53)),((90,(78,79)),98)))))),((27,(((20,18),((10,23),(22,((39,((51,(14,8)),24)),(33,(4,(13,(17,(43,(46,21)))))))))),(35,44))),((((2,16),(((3,52),(26,49)),38)),(29,(48,(25,42)))),(36,(((11,((31,19),50)),40),(5,(1,47))))))))));
((((26,3),((5,47),1)),(48,(((((((2,16),52),38),49),42),25),29))),(40,((19,31),11)),36);
(((((14,8),((39,(22,33)),(4,15))),((46,21),(43,17))),(13,(24,51))),(30,9),(34,((44,35),(18,(27,20)))));
(((8,14),(17,((43,((((4,39),33),46),21)),((24,51),13)))),18,(((((((73,(69,(84,76))),(86,75)),((95,(61,77)),(81,(((((100,89),57),56),83),88)))),(((92,((((94,71),70),99),93)),((58,(90,(79,78))),(((53,(80,(74,91))),(65,98)),(85,63)))),(72,(60,(66,59))))),62),36),((52,((49,(38,26)),(2,(16,3)))),((((29,((6,45),((41,(((7,28),32),37)),12))),(42,(48,25))),(27,20)),(((34,(30,9)),(5,((19,((50,40),31)),11))),(44,35))))));
(((54,68),(67,87)),55,(64,82));
(((63,85),94),(91,(74,80)),65);
(94,((91,(80,74)),(53,(65,(63,85)))),((60,((90,(78,79)),(66,59))),((75,86),((83,(((69,((81,(56,89)),(100,57))),73),((72,(61,((77,88),95))),(84,76)))),(68,(((((67,97),82),64),(87,54)),55))))));
(69,(77,(76,84)),(61,95));
(96,(97,64),(55,82));
(((74,91),(53,80)),65,(63,85));
((13,51),(21,46));
(94,(((((78,(90,79)),(98,60)),(65,(85,63))),91),53));
((((63,65),85),(80,(74,91))),((98,((78,79),90)),(60,(59,66))),(53,94));
((75,86),((61,((95,(84,76)),((77,(73,72)),69))),(92,((93,((99,58),71)),(62,70)))),((94,((56,81),((57,(89,100)),(88,83)))),(((80,74),((65,(85,63)),(60,(66,59)))),((90,78),79))));
(55,(96,(68,(54,87))),((97,82),64));
(82,(67,((68,97),((55,64),(54,87)))));
((67,68),96,(87,54));
(56,(((77,((69,(61,(95,(84,76)))),(73,(72,81)))),((100,57),89)),83));
((55,(87,54)),(94,(18,(((((6,((12,41),(45,(28,(32,37))))),(17,(((8,14),13),(24,(((33,4),22),39))))),(((25,((29,42),48)),(38,(((3,26),(49,52)),(16,2)))),(36,((31,((19,(50,11)),40)),(5,(1,47)))))),(23,10)),((44,35),(20,27))))),(64,(97,82)));
(40,19,((((((10,23),((((44,35),34),9),30)),((((33,39),(13,((8,14),(51,(17,(46,(21,43))))))),(22,15)),18)),((48,(29,(42,25))),((49,(26,52)),((16,3),(38,2))))),(1,(47,5))),31));
((14,8),51);
((51,24),((14,8),13),(33,(43,(46,21))));
(49,(3,(16,2)));
((8,14),43,39);
((33,((4,39),(((14,8),15),((43,((21,46),17)),(13,(51,24)))))),((34,(44,35)),((10,23),18)),((6,45),(7,(41,(12,(37,(32,28)))))));
((47,5),1,(11,50));
(1,(47,36));
((26,(52,(50,(19,(31,(11,40)))))),((49,((16,2),38)),3),(48,(42,25)));
(30,((((1,(((5,47),36),(((50,((11,40),31)),19),((42,(48,(29,25))),(((16,2),52),(38,26)))))),(((20,27),(45,6)),((44,35),(7,(((12,41),(28,32)),37))))),34),18),9);
(36,(5,(((40,19),31),(47,(11,50)))),((27,20),((44,((((10,23),((((15,((4,39),((13,17),((51,(24,(8,14))),(43,(21,46)))))),(((12,(37,(32,28))),(7,41)),(6,45))),(((16,(3,2)),(49,52)),(38,26))),(42,(29,(25,48))))),18),35)),((30,9),34))));
((10,(((7,(41,((37,(32,28)),12))),(((47,1),((((48,29),(25,42)),((26,(38,49)),52)),((50,40),19))),36)),23)),(((39,4),33),((13,(22,15)),(24,51))));
(((62,99),((92,70),(58,(93,71)))),(75,86));
(82,64,(67,(((68,54),87),(96,55))));
(92,(((67,(87,54)),(68,96)),(97,(64,55))));
((72,(88,(83,81))),((56,((76,(61,95)),(77,84))),(100,(69,73))),(57,89));
((96,68),((55,97),(64,82)));
((99,62),(71,(58,93)));
((62,99),92,70);
(57,(((((95,77),69),100),89),56));
((92,70),(88,61),(89,(75,86)));
(((84,76),73),100,57);
(81,((69,(95,((84,76),77))),72));
(72,((86,75),(71,((99,62),(58,93)))),((83,88),(57,(89,100))));
(((94,(((98,(79,(90,78))),60),(66,59))),(97,((64,82),((54,96),(68,55))))),(((83,73),69),(77,((58,(93,((84,76),(70,92)))),71))));
(((53,((63,85),65)),((80,(74,91)),94)),((66,59),(60,98)),((90,78),79));
(((68,67),(54,(87,96))),55,(82,64));
((13,((24,51),(8,14))),(15,(4,39)));
((23,10),(34,(35,44)));
((45,6),7,((32,(28,37)),(41,12)));
(((18,(((11,((50,19),(40,31))),(38,((2,((26,49),16)),(52,3)))),(((45,6),(7,((32,41),((37,28),12)))),((9,30),((35,(20,27)),44))))),(((8,14),(24,51)),(((21,46),43),(17,((1,47),(5,36)))))),(((97,55),(64,(82,(68,67)))),(87,(96,54))));
(((75,(((((56,89),(100,57)),(83,(81,88))),((73,(76,((61,77),(84,95)))),(69,72))),86)),(70,((93,58),((99,62),(71,92))))),((79,(78,90)),98),(94,((53,(65,(85,63))),(80,(91,74)))));
((((78,(90,79)),(66,(59,60))),(((53,((63,85),65)),(80,(91,74))),((75,86),(((((89,(56,83)),(81,72)),(57,100)),88),(73,((61,((76,84),95)),77)))))),((((20,27),(9,30)),((18,((23,10),34)),(44,35))),((45,(7,6)),(((16,(3,2)),(((52,49),26),(((29,(42,25)),38),48))),(((50,(40,(19,31))),(1,(5,47))),(36,11))))),(51,((46,21),(33,(4,(15,22))))));
(((4,39),(33,((23,10),(((6,45),((41,(7,12)),((28,32),37))),((9,((34,18),30)),((35,44),(20,27))))))),((51,(24,((8,14),17))),(13,(43,(21,46)))),(22,15));
(19,(40,(31,50)),11);
((46,(24,21)),17,13);
((33,22),39,4);
(((46,21),(17,(14,8))),43);
((44,35),(1,(36,(47,5))),(15,22));
((46,(43,21)),51,(24,(8,14)));
((6,45),(7,((37,(32,28)),(12,41))),(23,10));
((49,2),(25,48),38);
((16,(26,3)),(49,(38,52)));
((52,2),(26,(16,(((20,(9,(18,34))),27),(((36,(47,(1,5))),(11,(19,(40,(31,50))))),((23,((22,15),((8,14),(51,24)))),(((6,45),(((41,7),(37,(28,32))),12)),10)))))),(48,(25,42)));
(47,36,(1,5));
((36,((30,(34,(20,27))),35)),13,((24,51),((8,14),((46,(17,21)),43))));
(29,25,(42,48));
(16,38,((2,3),(49,52)));
(48,29,(25,42));
((98,(78,(79,90))),60,(59,66));
(66,(59,94),((98,60),(53,((65,(63,85)),(80,(74,91))))));
((21,46),43,17);
((((68,(67,(96,87))),(55,(82,(64,97)))),(((75,86),(((69,(77,(95,(84,76)))),(((83,81),73),72)),(89,(88,(56,(57,100)))))),(98,(59,(60,66))))),24,(51,(((39,(4,33)),(22,15)),(((14,8),13),17))));
((15,22),((((((49,52),3),(26,38)),(2,16)),(10,23)),(((50,(40,(19,31))),11),((47,1),(36,5)))));
((7,(41,((37,(32,28)),12))),(45,6),((18,(((11,(40,(31,19))),(36,(5,(1,47)))),(((24,34),((27,20),(35,44))),(((((((((48,29),25),42),3),38),26),((49,52),(16,2))),((51,(((43,13),(21,46)),(((8,14),22),(33,(4,39))))),17)),(23,10))))),(((((70,92),((93,(71,(62,99))),58)),(((57,(89,100)),(81,(56,(83,88)))),(75,86))),(68,(87,(96,(64,82))))),((94,((65,(63,85)),((91,(74,80)),53))),(66,59)))));
(52,25,(29,(42,48)));
((37,((32,28),41)),(12,7),(45,6));
(33,((((51,(14,8)),24),13),((46,21),(43,17))),((39,4),((15,(53,((((85,63),65),((80,74),91)),(((((((67,96),(54,68)),87),(55,(82,64))),81),(((83,(56,88)),(89,57)),(((86,75),((70,92),((93,58),(71,(99,62))))),100))),94)))),((27,20),((9,(30,(34,(35,44)))),(((37,(32,28)),(41,12)),((5,(36,(47,1))),((49,38),(26,((((11,19),40),((48,((42,25),29)),(31,2))),(3,(7,16))))))))))));
(6,(7,(41,((32,28),(37,12)))),45);
((((43,(51,24)),(22,(15,(((((48,(29,(25,42))),((52,49),(26,38))),(((5,1),36),(50,(40,(19,31))))),((35,44),((34,(9,30)),(18,(27,20))))),((28,(12,41)),((7,(45,6)),(37,32))))))),(14,8)),46,((13,17),21));
((((24,51),((8,14),13)),((39,4),33)),22,15);
(64,(82,55),((96,87),(67,54)));
((53,((63,85),65)),74,(91,80));
((1,((50,11),47)),5,(19,31));
(3,((52,(49,(2,16))),38),26);
((2,(16,3)),(29,(48,42)),(25,(31,((19,40),(50,11)))));
((((10,23),((18,((20,27),(9,(34,30)))),(35,44))),(((33,(17,(43,(46,21)))),(15,22)),(51,((8,14),24)))),((25,(29,(42,48))),26),(5,(1,((((((60,((78,(90,79)),(98,(59,66)))),((((65,(85,63)),94),(74,(80,91))),53)),(83,((88,(((75,86),(((((99,62),71),(58,93)),92),70)),((89,56),(57,100)))),81))),((82,(64,97)),((68,(67,(96,(54,87)))),55))),0),36))));
((21,46),43,17);
((43,(8,13)),4,39);
((59,60),((91,(74,80)),94),((98,(78,(90,79))),((53,(65,(85,63))),(((((68,(55,67)),82),(96,((87,(54,64)),97))),(75,(86,((58,93),((62,99),71))))),((18,(((30,9),(34,(35,44))),(((3,((49,(((16,2),38),52)),((36,(((5,47),50),(31,((1,11),19)))),26))),(23,10)),((6,45),((37,((32,(7,41)),28)),12))))),(51,(39,(4,(((((13,24),46),21),14),33)))))))));
((55,(82,64)),(((87,54),68),67));
((58,(71,93)),(70,92));
(71,(((62,99),93),(58,(70,92))));
(90,(78,79),94);
(94,(65,(63,85)),(((74,53),91),80));
(98,(94,(((91,80),74),53)));
((53,((91,(80,74)),(65,(63,85)))),(66,(90,(79,78))),(98,94));
(96,68,(67,87));
(73,76,(77,61));
(77,57,(89,(56,100)));
(68,55,((67,(82,(97,64))),(96,(54,87))));
((((82,(97,64)),55),67),(96,(54,87)));
(((86,75),((62,99),(70,(71,92)))),81,((95,(((84,76),61),77)),(72,((56,((88,(100,(57,89))),83)),73))));
((94,(53,(((59,(66,60)),(79,(78,90))),98))),((74,91),80),(65,(85,63)));
((((90,(78,79)),((98,(74,(91,80))),(60,(66,59)))),(65,(85,63))),53,94);
(68,(82,(97,64)),(67,(54,96)));
((((98,(78,(79,90))),59),66),97,(((82,64),((87,54),96)),55));
(74,80,(91,(53,65)));
(((53,((65,(63,85)),(91,(80,74)))),(((60,(59,66)),((90,(78,79)),98)),94)),((89,100),(((57,(81,(88,83))),56),((((68,96),((64,(97,82)),55)),(67,(54,87))),(((93,58),(71,(62,99))),(92,70))))));
((98,(79,(90,78))),59,60);
((86,(((70,92),((99,62),(93,71))),((95,61),(((76,73),77),69)))),((64,(97,82)),((87,54),(67,(68,96)))));
(53,65,(85,63));
(94,((80,(74,91)),((65,((90,(79,78)),98)),(60,(59,66)))));
(67,(96,(68,((64,82),(55,97)))));
(((53,94),((65,((74,(80,91)),(63,85))),60)),(83,88),((((55,(82,(97,64))),((96,((54,87),67)),68)),81),(((75,86),((70,92),((62,99),(93,58)))),(84,(((61,72),69),95)))));
(35,(((34,9),27),20),44);
(28,(((41,12),37),32));
((81,57),84,(76,(95,61)));
(57,(62,99),(58,((92,70),71)));
(61,(68,((((64,55),87),54),96)),(67,97));
(88,(91,((53,80),74)),(63,85));
(((21,46),((((24,15),13),(39,((((43,8),14),51),33))),(45,17))),35,6);
((86,75),((56,((((((((((77,84),61),73),72),95),76),69),100),89),57)),((83,88),81)));
((88,((((((70,81),56),100),57),89),83)),(75,86),92);
(71,((((((86,((((((((((((69,((((73,95),84),61),77)),56),89),100),57),83),88),92),70),93),58),62)),75),68),87),54),67));
(50,1,(29,(((((51,((((8,13),24),4),39)),(33,17)),15),(43,(46,21))),14)));
((29,47),(23,(27,20)),(44,35));
(49,((26,52),(16,(2,3))),(38,(5,((36,47),1))));
(((3,(27,20)),17),(36,47),((19,(((5,50),40),31)),11));
((5,((50,(40,11)),(31,19))),(47,1));
(13,((21,46),43));
(22,(45,6),((15,24),(14,8)));
((37,(((12,41),28),32)),((((46,(((((6,45),7),39),4),33)),21),51),13));
((9,34),30,(35,18));
((24,((((((((((((((16,2),49),38),26),29),48),42),25),50),11),36),19),40),17)),5);
(48,((26,((((((((1,((((((((((10,18),9),34),11),40),31),19),36),47),5)),42),25),2),3),16),49),38)),30));
(0,((78,((29,(25,42)),(((47,1),5),((3,(7,(9,30))),(41,((((((((((((((((((((20,27),44),34),11),31),40),50),36),38),26),49),52),16),2),6),45),28),32),37),12)))))),(90,79)),((94,(93,((75,((((70,92),58),71),86)),(62,99)))),(66,(98,59))));
(94,((79,(98,((((90,78),60),59),66))),(76,(57,((61,(84,((88,(((((((100,56),89),81),77),72),73),69)),83))),95)))));
(((4,((13,39),33)),(22,15)),23,10);
(((((10,23),(((29,25),42),48)),(((((20,27),((44,((34,9),35)),30)),((50,(11,((19,31),40))),(47,(1,5)))),12),(16,2))),(26,(((((((32,37),28),7),3),52),49),38))),((45,6),41));
((((((8,(46,((43,(33,13)),21))),((22,15),14)),(((24,51),17),(4,39))),((3,(16,2)),((((((1,47),5),38),26),52),49))),(34,(9,((((20,27),35),44),30)))),(7,(((12,32),37),28)));
((86,75),((99,(((70,92),71),93)),62));
((57,((((((((77,69),73),95),61),76),84),89),100)),88,83);
(((62,((93,71),99)),58),((55,((82,(((54,68),87),64)),97)),(67,96)),94);
(53,((91,80),74),66);
(73,((((((((((75,(60,(((90,(59,66)),79),78))),70),56),100),89),57),83),76),84),95),61);
(58,(99,(93,62)),((92,70),71));
(((((81,98),69),(((((87,((68,67),(96,54))),55),97),64),(94,((((((91,74),80),53),65),63),85)))),92),88,((((77,95),61),84),76));
(((((85,(65,63)),((91,(((98,90),79),78)),(59,66))),(72,76)),(((75,((((62,99),93),58),70)),92),((97,(55,((82,(((68,87),67),54)),64))),96))),((((33,((((17,13),43),24),4)),((14,8),39)),(51,(46,21))),22),(31,(((5,(((((((26,2),16),38),52),49),40),19)),((12,41),((((32,28),18),10),(23,(((((((((30,9),44),35),27),20),37),6),45),7))))),((3,(48,(42,(29,25)))),(11,50)))));
(((91,80),74),53,(63,(85,60)));
(((89,(83,56)),88),81,57);
(34,18,((23,10),((30,((44,(28,(((37,41),12),(32,(45,7))))),20)),(9,35))));
(94,(15,((((44,(34,(30,9))),35),((20,27),((10,23),((5,(47,(36,1))),(((2,16),((52,49),(11,(50,(19,31))))),3))))),(4,(39,33)))));
(((96,(((68,54),87),67)),(55,94)),95,(72,((92,(((((84,76),61),77),69),73)),(((99,((93,58),71)),(62,81)),(((((53,((63,65),85)),((89,56),(100,57))),(83,88)),(86,75)),70)))));
((74,(80,91)),53,(65,(85,63)));
(66,((98,(79,78)),90),(60,59));
((75,(86,((((71,70),((93,58),(99,62))),((((56,(((69,84),61),88)),((((89,100),(57,76)),(97,83)),(73,95))),(72,81)),((77,(94,(((98,(78,(90,79))),(59,60)),66))),(68,(55,(82,64)))))),92))),(((50,(40,((11,31),19))),(5,(1,47))),(36,15)),(((4,39),33),(18,((((45,6),34),(20,27)),(((23,10),(9,30)),(44,35))))));
(66,53,((80,(91,74)),(60,(63,85))));
(((91,(74,80)),(65,(85,63))),(94,53));
((((97,55),68),64),54,(96,67));
(82,97,(((54,55),(64,((87,96),68))),67));
((83,(86,((75,(((((57,89),56),88),61),84)),100))),((69,81),((((62,(76,95)),(99,(71,((((73,77),70),58),93)))),72),92)),(97,(55,((((64,82),68),(54,87)),67))));
((64,(97,82)),68,(54,((67,87),96)));
(78,(90,79),(60,((65,(63,85)),((66,59),(98,((53,((91,74),80)),94))))));
((60,(((78,(90,79)),98),(59,66))),(65,(53,((91,(63,85)),(74,80)))),94);
(30,9,(20,27));
((35,44),34,(20,(((((45,6),(((28,(37,32)),(10,23)),(12,41))),(5,((((48,(((16,(((52,38),49),2)),(3,47)),26)),29),36),(((46,(((33,39),13),24)),(4,(21,51))),((14,8),(22,15)))))),27),(18,(0,((((94,((80,(91,74)),((60,(66,59)),(79,(78,90))))),(65,(63,85))),(81,((75,86),((73,(((69,77),76),84)),((61,(100,((83,(88,72)),((57,89),56)))),95))))),((67,(68,(87,54))),((64,82),(96,55)))))))));
(41,((28,32),(12,(45,6))),(37,7));
(29,25,(42,48));
(52,(50,((40,11),(31,19))),(1,(5,36)));
(38,((16,3),49),26);
(42,(48,29),25);
((36,((1,5),47)),((19,11),(40,31)),50);
(((22,17),((7,(45,6)),(23,10))),39,4);
(33,(17,(21,46)),43);
(((((8,14),(13,(51,24))),((33,(23,10)),((48,(42,25)),(((16,(26,49)),(38,52)),(2,3))))),43),21,46);
(((91,74),80),85,63);
(((65,(85,63)),(53,94)),91);
(94,53,(((85,63),65),(91,(80,74))));
(13,46,(43,21));
(46,(17,43),21);
((33,((14,8),(24,51))),4,39);
(((55,(82,(((68,67),(97,64)),(96,(87,54))))),((((92,(((62,99),(93,(71,58))),70)),(75,86)),((((89,(56,100)),57),(83,88)),((73,72),((61,((77,76),84)),95)))),((53,(94,((80,91),(74,((85,63),65))))),(60,(66,59))))),(((2,3),(((38,(49,52)),(26,16)),(36,((5,(1,47)),(50,((11,(19,40)),31)))))),(18,((10,23),((44,35),(20,27))))),(((51,((8,24),(17,(46,(43,21))))),(22,15)),(4,(39,33))));
(35,(20,27),44);
(((((18,(((51,24),33),((46,(21,17)),(((14,8),(4,39)),13)))),(15,22)),(44,35)),((7,(41,((12,(6,45)),(28,(32,37))))),((20,27),(30,(34,9))))),((23,10),(48,((29,(25,42)),(38,((3,26),(16,2)))))));
(((((((28,37),(32,((12,41),(7,45)))),18),(((52,(38,49)),(((((20,27),(44,35)),(9,30)),34),((36,(5,(11,50))),(47,1)))),((26,(2,16)),3))),(15,((4,39),(33,((24,17),((43,51),(21,(14,8)))))))),((81,(((72,56),((88,73),(84,((89,83),69)))),((76,61),(95,(77,57))))),100)),(((98,((78,90),79)),((60,94),(59,66))),(74,91)),80);
((55,((((67,54),64),82),97)),96,87);
(((((((65,85),63),53),90),79),78),98);
((59,(((79,90),78),60)),98,(((74,((((53,94),63),85),65)),80),91));
(61,(((((72,((((((((75,86),71),58),93),92),70),62),99)),69),95),73),84),76);
(61,76,(77,(95,(84,(69,(73,(57,(100,(56,(89,(81,(((72,(((((67,((64,82),55)),96),87),54),68)),62),((78,(94,((36,((24,((((21,46),43),17),13)),14)),(((50,11),22),(((25,(42,29)),1),((15,(((((((((((((((((((44,((((23,10),9),30),34)),35),20),27),5),2),52),49),38),26),16),3),47),40),19),31),33),4),39)),(((7,((((32,28),37),41),12)),6),18))))))),(59,(60,66)))))))))))))));
((58,(93,71)),92,70);
(80,(91,74));
(((85,63),65),(94,(74,(91,80))),53);
((78,90),79,98);
(60,(59,66));
((89,((56,57),100)),(81,(88,83)));
(31,11,((19,40),50));
((((32,28),(41,12)),(37,7)),(23,10));
(17,15,(4,(((22,39),13),((((24,(14,8)),51),(21,43)),(33,46)))));
(67,(((68,((97,82),64)),55),(87,54)));
(55,((68,(87,54)),(67,96)));
(70,((62,99),(58,(71,93))),((92,(86,75)),((77,(((((((100,57),56),89),88),83),73),69)),((95,(61,76)),72))));
((94,(63,85)),90,(78,79));
(((84,((73,(76,69)),77)),((95,61),72)),(((55,97),((64,96),((54,87),82))),(67,68)),((98,((66,59),(65,(80,(91,74))))),(53,((90,79),78))));
(((((((79,(90,78)),98),65),94),((53,(85,63)),(74,(80,91)))),59),66);
((60,98),(((53,94),85),65));
((91,(53,(65,85))),(80,74));
(37,32,(28,(45,6)));
((37,(28,32)),(12,41));
(35,(30,(27,20)));
((((18,(44,35)),((48,((42,29),25)),((49,(((16,((26,3),2)),52),38)),(11,((36,50),(5,(47,1))))))),(23,10)),(((27,20),30),9));
(3,(38,26),16);
((29,(42,(25,48))),(2,3));
((29,(38,(25,42))),((2,(49,26)),((3,48),(16,52))));
(22,((17,(21,((46,(43,14)),8))),(13,15)),(39,4));
(((10,23),((30,(20,27)),((44,35),((9,34),18)))),((((4,(39,33)),(13,((51,((43,(46,21)),(14,8))),24))),(17,(15,22))),((48,36),((3,((2,(26,(16,38))),(52,49))),((1,(((50,(31,19)),(40,11)),5)),47)))));
(((((45,6),(41,(7,12))),((37,28),32)),((((47,36),5),1),(((48,(29,(42,25))),(2,((((49,52),26),38),16))),3))),(((34,((20,27),35)),(9,30)),44));
((36,(((1,47),(((9,((18,34),(30,(27,20)))),((10,23),(33,(((((43,((51,24),(8,14))),(17,(21,46))),(22,13)),4),39)))),(((29,(48,(25,42))),(6,((32,((((37,12),41),28),7)),45))),((38,((26,((3,2),16)),52)),49)))),(50,(11,(40,(31,19)))))),((((((91,80),74),(94,((65,(63,85)),53))),98),(66,59)),((79,90),78)));
(((94,(63,(65,85))),((59,66),60)),((53,(80,(91,74))),(90,(98,(79,78)))));
((87,54),97,(82,((64,67),(96,(68,55)))));
((((57,(100,89)),(81,(56,((72,((95,((76,84),61)),77)),73)))),88),71);
(81,((75,86),((62,99),((97,((82,(64,(68,67))),55)),92))));
(96,(68,97),((64,82),((55,54),67)));
((((88,(56,(83,(89,(100,57))))),(81,(((61,((76,95),77)),84),(73,72)))),((86,((99,(71,(62,(93,58)))),(75,(92,70)))),(((18,(13,((17,(21,46)),((22,(24,51)),((33,14),(8,43)))))),(9,(34,30))),((((((26,(((42,25),48),38)),52),(3,49)),(29,(16,2))),((50,(47,((((40,(19,31)),1),36),11))),5)),(7,(6,45)))))),55,((68,((54,(96,87)),67)),(64,97)));
(73,61,(95,84));
((58,93),(62,99),71);
(95,(92,70),(61,(76,84)));
((((70,92),75),(77,(73,69))),((71,(99,(93,58))),(87,72)));
((72,(((77,61),(84,(76,95))),(73,69))),(((64,82),(67,((54,96),87))),68),((59,((60,((((79,78),90),98),(66,94))),((53,(91,(80,74))),(65,(63,85))))),97));
(97,((54,(96,87)),55),64);
(56,(88,100),((81,83),(57,89)));
(((70,58),((((99,62),71),93),((86,75),((72,92),((97,(82,64)),(68,(55,((87,54),67)))))))),(((77,84),(95,(61,76))),(69,73)),(83,((81,88),(56,((89,100),57)))));
((36,(47,1)),5);
((41,12),32,(37,28));
((((((26,3),(38,(16,2))),52),49),((29,(42,25)),48)),(5,(1,47)));
(98,(90,(79,78)));
((86,75),93,((99,62),(58,71)));
((((99,62),71),(93,58)),(70,92));
(((53,(65,(63,85))),(94,(91,(74,80)))),(60,((59,66),(98,(90,(78,79))))));
(((((13,17),((51,24),(14,8))),((46,21),43)),(22,15)),((((27,20),(36,18)),((9,(34,30)),(35,44))),(((42,25),(29,48)),((11,(50,(31,(40,19)))),((16,2),(((52,3),(26,49)),38))))),(45,((7,41),(((32,28),37),12))));
(((((26,38),49),(2,16)),(52,((29,(48,(42,25))),3))),(5,((47,1),36)),(11,(31,(50,(19,40)))));
((((((43,(46,21)),(51,(14,8))),24),(39,4)),(15,22)),(((30,(9,34)),((20,27),((35,44),18))),(((45,6),((41,12),(37,(28,32)))),(23,10))),(((25,(48,42)),((52,(26,49)),((2,16),3))),((11,((19,31),(50,40))),(5,(47,1)))));
((20,27),34,(9,30));
((((45,6),(41,(12,(37,(28,32))))),((17,18),((73,(((72,(((77,61),84),69)),((81,(88,83)),56)),(95,76))),((((99,93),(71,(58,62))),((86,75),(92,70))),((98,(90,(79,78))),(60,(66,59))))))),10,23);
(19,(11,(50,31)));
((((31,(((40,19),11),50)),((48,(42,25)),((18,(3,((26,((2,16),38)),(49,52)))),((23,10),((((27,20),(30,9)),(34,(35,44))),((6,45),(7,((41,12),(28,(37,32)))))))))),(5,1)),47,36);
((97,55),(82,64),67);
((55,(97,(82,64))),((96,67),(87,54)));
(69,(76,(77,(95,(84,61)))),(73,72));
(((((92,(99,93)),(71,70)),(62,58)),(95,((57,(81,(88,(56,(100,89))))),((73,(69,72)),(61,(76,84)))))),((55,((54,87),(67,96))),((64,68),(97,82))));
((68,((55,(97,(82,64))),(96,(54,87)))),60,(59,66));
((72,(69,(((100,((((83,88),57),(81,56)),89)),((76,84),(61,77))),73))),(((70,92),62),(71,(93,(58,99)))),(75,86));
((0,(((15,22),((33,(39,4)),(13,((43,(46,21)),((8,14),17))))),(((((38,26),(3,((36,5),((11,(47,1)),((19,40),31))))),((52,16),2)),((42,(29,(48,25))),49)),(34,(18,((30,9),(44,((20,27),35)))))))),(((90,(78,79)),(60,(66,59))),((65,(85,63)),94)),((((67,96),(((55,97),64),(82,68))),(54,87)),((86,75),((81,(88,(57,((100,89),(83,56))))),(73,((72,84),((((95,61),76),77),69)))))));
(3,16,(((38,52),26),2));
((34,(27,20)),9,(44,35));
((45,6),(28,(37,(32,7))),(12,41));
(22,(39,(4,33)),((8,14),((51,(17,(46,21))),(13,24))));
(22,((13,15),(((10,23),((28,((32,37),(41,12))),((45,7),6))),((((34,30),9),(27,20)),(((47,1),((11,(50,(31,(40,19)))),(36,5))),((42,(25,(48,29))),(52,(26,(49,38)))))))),(((4,39),33),(((((14,8),46),(51,17)),21),24)));
((((66,(59,60)),(98,(90,(78,79)))),53),((85,(65,63)),94),(91,(74,80)));
((21,(43,46)),17);
((((16,2),(52,3)),49),(26,(38,(5,((1,(36,50)),47)))));
((48,42),29,25);
((9,30),34);
((35,44),((30,9),(((6,45),((7,(28,(37,32))),(41,12))),(27,20))));
((((((3,((52,(2,16)),49)),(26,38)),(((42,29),48),25)),((1,5),(36,47))),(10,(23,((33,13),(((43,(46,21)),17),(15,((24,51),(4,39)))))))),(((32,(37,28)),(41,12)),7),(45,6));
(53,(85,63),65);
((53,(91,(80,74))),94,(65,(85,63)));
(((56,81),(83,88)),76,77);
(67,(96,(54,87)),(68,(55,(97,82))));
(53,94,((74,(80,91)),((63,(65,85)),((59,66),(78,(90,79))))));
(((((74,(91,((85,63),65))),80),53),((60,94),((66,59),((90,(78,79)),98)))),((76,84),(((((77,((88,89),73)),((92,83),((81,(95,61)),(((99,62),((75,86),(58,93))),71)))),(57,72)),(100,56)),69)),(67,(68,((((64,97),82),55),(54,(87,96))))));
((((72,69),((((88,((81,56),(57,(100,89)))),83),(84,76)),((61,(95,77)),73))),(86,75)),(((53,(60,((98,(90,(79,78))),66))),(((63,85),((80,74),91)),94)),(((82,97),(55,64)),(54,(((96,67),87),68)))));
(((((98,(90,(79,78))),(66,(60,59))),(94,((((91,74),80),53),((63,85),65)))),((96,67),(((82,64),97),55))),(54,87),(5,(((11,(50,((40,31),19))),((34,(((18,(44,35)),(((39,4),(22,15)),((((14,8),(51,24)),((46,21),(43,17))),13))),(30,(9,(27,20))))),((23,10),((48,(25,(29,42))),(52,(3,((2,16),((49,26),38)))))))),(1,47))));
((20,27),(18,(((((((48,((25,29),42)),(49,((3,(52,38)),26))),(2,16)),((11,(19,(50,(31,40)))),((36,5),(47,1)))),(((22,15),17),(((45,(((7,12),6),((41,28),(37,32)))),(10,23)),((33,(39,4)),((8,14),((13,(24,51)),(43,(21,46)))))))),(30,9)),34)));
(((17,(12,(((41,(28,(45,6))),32),37))),((33,((4,39),(22,15))),(34,((44,35),(20,27))))),((46,13),(21,((24,51),(14,8)))),43);
(35,44,((((12,((32,28),(37,41))),7),34),9));
(((18,((20,27),((44,35),(34,(9,30))))),(((6,45),((12,7),(37,(41,(28,32))))),(((((21,8),((46,43),((13,((24,51),17)),14))),(33,(4,39))),(15,22)),(10,23)))),((49,((16,3),(42,((25,48),29)))),((1,(5,47)),(36,(19,((40,11),31))))));
((33,(39,4)),(22,15),((14,8),(13,(24,51))));
(((36,1),(47,5)),(50,11),40);
((((((86,75),(92,((99,(71,(62,(58,93)))),70))),(((82,(55,(97,64))),(68,(54,87))),(96,67))),(((73,(84,76)),(72,(77,((69,95),61)))),(81,(((57,89),(56,(88,100))),83)))),((66,((78,(79,90)),60)),(65,(85,(74,(91,80)))))),15,((((24,51),(8,14)),(13,(21,46))),((((10,23),(18,(41,(7,(12,(45,6)))))),(3,((((48,(29,(42,25))),26),38),((2,(49,16)),((5,((1,(40,((11,31),(50,19)))),36)),47))))),33)));
(24,(43,51),13);
((((46,21),(43,17)),13),14,8);
(42,25,(29,48));
(60,(59,66));
((90,79),98,78);
((66,59),60);
(59,(79,78));
(14,51,(24,8));
((45,((41,(28,12)),(32,37))),((((2,((3,49),16)),((26,38),(48,(29,(42,25))))),52),(((50,19),((36,5),(31,40))),11)),(20,27));
((((39,4),(51,(17,(43,(46,21))))),22),((((34,9),((44,35),30)),(23,10)),((7,((37,(28,32)),12)),(41,(45,6)))),(((48,(42,25)),((2,(3,16)),((52,((26,36),49)),38))),(((19,40),(11,31)),((1,(5,47)),50))));
(4,13,(46,21));
(45,(7,((37,(32,28)),(41,12))),((23,10),((((8,51),(24,(17,14))),((39,4),33)),(22,15))));
(9,30,((18,(27,20)),((44,35),((34,(((55,(82,(64,97))),(87,(54,(96,67)))),(((85,63),((53,((74,80),91)),(94,65))),((79,60),(78,(90,98)))))),(23,((((13,51),((17,((14,8),(21,46))),43)),(4,(33,39))),(10,(15,22))))))));
((7,((12,41),(28,(37,32)))),6,45);
((((2,16),(26,3)),(52,(((48,42),(25,29)),((((47,(19,((40,31),(50,11)))),((36,5),1)),(((27,20),(9,(30,((44,35),(34,18))))),((45,6),(7,(37,((41,12),(28,32))))))),((((14,8),((43,(17,(46,21))),(13,(51,24)))),(15,22)),(33,(4,39))))))),49,38);
(51,(21,(46,43)),(17,(15,22)));
((99,62),86,75);
(62,99,((70,92),(71,(93,58))));
((57,(((83,81),(89,100)),56)),((75,86),(71,(58,((92,70),93)))));
((88,((89,56),(100,(83,57)))),((73,(69,81)),(61,((84,95),(((((62,99),58),(71,93)),(92,70)),((77,72),76))))));
((((79,78),(90,98)),(66,60)),65,(63,85));
(53,((98,(66,59)),((39,33),(((17,(46,(21,43))),(24,(51,(8,14)))),(22,15)))),(60,((((97,(55,(82,64))),((54,67),(96,87))),68),(((72,(((73,(77,95)),69),61)),(76,84)),((99,62),((92,70),((71,(93,58)),(86,75))))))));
(78,(90,79));
(34,(((30,9),(((6,45),(((12,(28,37)),32),(7,41))),(20,27))),((39,33),(22,15))),(26,((38,((11,(50,(31,(19,40)))),(36,47))),(((48,(29,(25,42))),49),((3,2),(16,(18,(5,1))))))));
(((41,7),12),(28,(37,32)));
((35,44),(20,27),(9,30));
(((39,(4,33)),(15,22)),(((12,(41,(37,(28,32)))),7),(45,6)),(((23,10),((34,(20,27)),(30,9))),(18,((((3,(49,52)),(26,(38,(16,2)))),((42,25),(48,29))),((40,(19,31)),(50,11))))));
(((75,86),((58,93),(71,(70,92)))),83,(56,(81,(88,((100,89),57)))));
(53,65,(85,63));
((80,(91,(74,53))),((63,85),((60,(59,66)),(((90,78),79),98))),(65,((((92,(((71,58),(93,(99,62))),70)),((100,81),(56,(89,((88,83),57))))),((14,8),(((17,(43,13)),(51,24)),((21,46),((((((27,20),(35,44)),34),18),((6,45),((((47,1),((52,49),(((42,(48,(29,25))),38),(2,(3,16))))),(((36,5),(19,31)),(40,50))),10))),(15,22)))))),(67,((82,64),((55,68),((87,96),54)))))));
(97,55,((82,((67,68),(54,87))),64));
(96,67,(87,54));
((97,(96,(55,(68,64)))),67);
((((55,((68,64),(82,97))),(96,67)),(87,54)),(91,(80,74)),((98,((78,79),90)),((59,60),66)));
((77,(76,84)),61,95);
((86,75),70,(((62,99),(93,58)),92));
(((83,88),((100,(56,(89,57))),81)),72,(((61,95),(84,76)),(69,73)));
(93,(58,99),((62,(75,86)),(71,((92,(((88,(81,83)),(76,84)),((77,(61,(72,(69,95)))),(73,(89,(100,57)))))),70))));
(((72,((69,((76,61),77)),(73,(95,84)))),((83,88),(81,(56,(89,(100,57)))))),((99,62),(86,75)),(71,(92,70)));
((((80,(91,74)),(65,(63,85))),(94,((66,(59,60)),(98,(78,(90,79)))))),((55,96),(67,((54,87),(82,97)))),((((81,(83,(88,(89,(57,100))))),((((72,84),69),((61,77),95)),(73,76))),(((62,99),(93,(58,71))),(92,(0,70)))),(86,75)));
((28,(37,32)),12);
(31,(40,19),(11,50));
(((3,((52,49),(26,38))),(16,2)),(29,48),(42,25));
(27,(9,30));
(((47,(36,(5,1))),(11,(50,(40,(31,19))))),18,((30,(20,34)),(44,35)));
(((13,22),(((8,14),(51,24)),(17,(46,21)))),(33,(4,39)));
(48,(25,42));
(((40,50),(11,(31,19))),(29,(25,42)),48);
(((((52,38),26),49),((((1,47),(5,36)),(50,(((11,31),40),19))),3)),(2,16));
(((33,(4,39)),(((((45,6),((37,(32,28)),(12,41))),7),(((3,((36,(5,(1,47))),(50,((19,40),(31,11))))),((38,((49,26),52)),((16,2),(((25,42),48),29)))),(10,23))),(22,15))),((51,24),(21,(46,(43,((8,14),17))))),13);
(49,(38,((26,2),(3,(52,16)))));
((12,41),(37,(28,32)));
((34,(44,35)),30,9);
((7,(37,((32,28),(12,41)))),22);
(15,((8,14),(24,(21,(43,46)))),((4,39),33));
((20,27),(45,6),(12,(41,(37,(28,32)))));
((10,23),(((((25,42),29),48),(((40,50),((31,19),11)),((5,(47,1)),36))),(3,(((26,38),(2,16)),(52,49)))),(((35,44),9),((18,(20,27)),34)));
((((9,30),(44,35)),34),((10,23),((45,6),((41,12),(7,(32,(37,28)))))),((((5,(47,1)),(((31,19),(50,11)),40)),(((3,(2,16)),(26,((52,49),(25,(48,29))))),(36,38))),((22,(39,4)),18)));
(((94,((60,(98,((79,90),78))),((53,((80,(91,74)),(65,(63,85)))),(59,66)))),(((58,(92,70)),((99,62),(93,71))),((((67,(96,87)),54),(82,64)),97))),18,((20,27),((((33,(39,4)),(22,15)),(10,23)),((((36,((47,5),((50,(40,((19,31),11))),1))),((48,(42,25)),(((49,38),26),((2,16),29)))),(44,35)),(34,(30,9))))));
((((90,(79,78)),(((98,59),66),60)),(65,(53,(85,63)))),(61,((96,(67,(68,(54,87)))),((92,(((99,62),(58,(71,93))),70)),(86,75)))),((((77,(((57,83),(56,100)),89)),(84,76)),95),(72,(73,69))));
((23,10),(18,((((44,35),(27,20)),(((((38,52),(26,(3,(16,2)))),49),((42,25),29)),(((5,(47,1)),(50,36)),(11,((40,19),31))))),(((6,45),(((41,12),32),7)),(15,(33,((39,4),22)))))));
((27,20),(18,(((10,23),((34,((35,44),(9,30))),(((52,(49,26)),(38,(42,((48,25),29)))),(2,16)))),(((((11,(31,(40,19))),50),36),(5,47)),((15,33),((39,4),22))))),((45,6),(7,((12,41),(37,(32,28))))));
((((30,(35,44)),((20,27),18)),34),((45,6),((32,(28,(7,(41,12)))),37)));
(((23,10),((45,6),(41,(7,(12,(37,(32,28))))))),((38,(49,((((47,36),((31,(1,5)),(50,(40,19)))),11),(3,(16,2))))),(52,26)));
(((48,(29,42)),25),((26,38),((49,52),((2,16),3))));
((((((19,31),(50,11)),40),((5,(1,36)),47)),48),((3,(16,2)),((38,(49,26)),52)),((25,29),42));
((((90,(78,79)),(53,((74,(91,80)),(65,(63,85))))),((82,((((67,68),((54,96),87)),(64,97)),55)),((86,((((71,(62,99)),93),58),(92,70))),((61,((95,(84,76)),77)),(((88,83),89),((56,100),(57,81))))))),(((39,(33,4)),(15,13)),(((51,24),(14,8)),((43,(21,46)),17))),((23,10),(((45,6),((27,20),((34,(30,9)),(44,35)))),((((3,(52,(38,(49,26)))),((5,(36,(1,47))),(11,((40,31),(50,19))))),(29,(25,(48,42)))),(18,(7,(32,(28,37))))))));
((46,21),(51,24),(14,8));
((41,(((28,32),37),(12,7))),45,6);
(22,((13,(17,(14,8))),((43,(21,46)),(24,51))));
(((52,49),(26,38)),(3,2),16);
(((((10,23),(((6,45),(7,((37,(32,28)),(12,41)))),((29,(48,25)),(42,(((1,5),((31,19),((50,(11,40)),47))),(((38,(16,2)),(52,49)),26)))))),22),(33,17)),((((14,8),(24,51)),((43,(46,21)),13)),(4,39)),15);
(39,((33,((22,((14,8),(51,24))),13)),(((((44,(20,27)),((30,9),34)),(((6,45),(7,(37,(41,((12,32),28))))),(18,(10,23)))),(38,(25,(((((((5,(47,1)),(50,(11,(40,(19,31))))),2),16),3),(49,(26,52))),(48,(29,42)))))),36)),4);
(((67,(68,(82,55))),((((((13,((51,24),(14,8))),(43,(21,46))),((33,(39,4)),(22,15))),17),(((((52,(49,26)),(38,(16,2))),(3,(42,(25,(48,29))))),(((1,47),5),36)),(11,(50,(40,(31,19)))))),((23,10),(7,(6,45))))),54,87);
(((97,(((96,87),67),54)),(64,(55,82))),(((99,((70,92),75)),62),((94,(((53,((65,(85,63)),((74,80),91))),(98,(79,(90,78)))),(66,60))),(((57,(100,89)),(56,(88,83))),((84,76),(73,((72,((77,95),(81,61))),69)))))),(18,((23,10),(((44,35),(((20,27),(34,30)),9)),((17,36),((47,5),((11,(40,((31,19),50))),((((26,52),((38,3),49)),(16,2)),((42,(25,(48,29))),((28,32),(37,((7,(45,6)),(12,41)))))))))))));
(81,(88,83));
(88,100,(57,(89,56)));
((71,(70,92)),(75,86));
((92,70),(93,58),(62,99));
(2,(16,38));
(10,(9,34),23);
((37,(32,28)),7,(41,12));
(((9,((18,30),((20,27),34))),(44,35)),23,10);
((45,((((26,3),(52,((16,2),49))),38),42)),(25,48),29);
(((99,62),(((73,(((95,61),77),76)),(69,84)),72)),(96,((64,87),((54,(82,55)),97))),((63,(65,85)),(((90,(79,78)),(66,59)),(94,53))));
((82,((64,55),(97,((96,(87,54)),(67,68))))),(56,(((83,89),57),100)),(((62,99),58),(93,71)));
(49,2,(29,42));
(2,((((3,16),26),38),49));
((25,48),3);
(((27,20),(((((2,((50,((19,31),(40,11))),(16,3))),(42,(29,25))),(48,(26,52))),(38,49)),(5,47))),(6,45),(30,(34,9)));
(4,((14,8),(13,((51,24),17))),(39,33));
(0,(((18,(27,((30,(9,34)),(35,44)))),36),((((((32,37),(41,12)),28),((45,6),7)),(((2,(5,1)),52),(11,((31,(50,19)),40)))),((10,23),(39,(4,(15,22)))))));
(12,((45,6),41),((32,28),(((((1,(47,5)),36),50),((19,(11,40)),31)),((23,10),(18,(((9,30),(27,20)),(35,44)))))));
((28,(37,32)),6,45);
((48,(((42,25),29),((47,(36,((31,(11,((19,40),50))),(5,1)))),((26,38),((52,49),(16,2)))))),((34,(((23,10),(20,27)),35)),(9,30)),(18,((32,(12,41)),(37,28))));
(24,51,(((14,8),((4,33),39)),(13,(17,(46,21)))));
((51,(24,(14,8))),15,17);
((8,14),51,24);
(17,(8,14),(43,(46,21)));
(((78,79),(90,(98,(60,59)))),(((43,17),(21,46)),((((51,24),(8,14)),4),(33,(13,39)))),((18,(27,20)),(((((((((50,40),11),(47,19)),(31,36)),(1,5)),(34,(49,((52,(2,(48,((42,29),25)))),26)))),(28,(7,(32,37)))),30),(35,44))));
(60,((63,85),65));
((78,79),66);
(((((63,85),65),(91,(74,80))),((94,60),((90,(79,78)),98))),((67,(68,54)),(97,(64,(82,55)))),(87,96));
((94,(53,(((78,(90,79)),98),((80,(91,(74,(63,(85,65))))),(59,(60,66)))))),(55,((((64,96),(54,87)),(82,(97,67))),68)));
((74,(91,80)),(66,59),60);
((((97,87),(((68,82),((96,55),64)),67)),54),(98,(59,(((80,91),74),(60,53)))));
((75,86),68,(87,(54,(96,67))));
((93,((99,62),((58,70),71))),(((69,72),((73,(76,61)),95)),(((57,((56,100),89)),(81,(88,83))),84)));
(((98,(79,(78,90))),(((((60,(65,(63,85))),80),53),(91,74)),94)),((81,(56,89)),((57,83),(100,88))),(70,((99,62),(93,((58,71),92)))));
(49,(2,3),38);
(3,(52,38),(26,(16,2)));
(36,47,(5,1));
(((10,23),((35,44),(((18,(20,27)),34),(9,30)))),((((32,28),37),((45,6),(41,12))),7),(15,(33,((((46,21),(8,14)),(13,(43,17))),(39,4)))));
((5,40),31,19);
(25,42,(29,48));
(((53,((85,63),(94,65))),((80,91),74)),(((60,98),(79,(90,78))),(66,59)));
(((((93,(58,71)),(62,99)),(92,70)),(75,86)),((87,97),((82,55),(54,96))),(68,67));
(94,(((91,(74,80)),(53,((59,66),((78,(90,79)),60)))),((65,98),(85,63))));
(36,(((31,19),(11,(40,50))),(((6,45),((41,12),(7,(37,(32,28))))),23)),(47,((3,((((25,42),29),48),((((52,2),16),38),(26,49)))),1)));
((12,(41,(7,(28,(37,32))))),(((10,23),(22,((((8,14),(43,(51,(13,24)))),(46,21)),(33,(39,4))))),((34,(((35,44),(27,20)),(18,(30,9)))),(((1,47),(5,36)),(11,(31,(19,40)))))));
(30,((((10,(((21,46),(13,((43,17),(4,(33,(39,22)))))),23)),((45,6),(12,(((37,(32,28)),41),7)))),18),9),34);
(50,(40,19),(11,31));
((35,44),27,20);
(31,50,(11,40));
((10,23),((52,((29,25),(3,(16,2)))),(38,48)),26);
(4,(33,(((1,50),((31,19),(40,11))),(5,(36,47)))),(15,22));
(((43,(13,(21,46))),(17,((14,8),(51,24)))),((18,(34,((35,44),(((41,(12,(28,(37,32)))),6),(7,45))))),((36,(47,(1,5))),(50,(19,(((49,2),((52,(29,(42,48))),(3,(26,38)))),16))))));
(28,(37,32),(7,(12,41)));
((6,45),(7,((37,28),(32,(41,12)))));
(36,(((29,42),(47,5)),(49,((38,(3,(16,2))),(52,26)))),48);
(((17,(33,((39,4),((((24,51),14),(8,13)),(46,21))))),(((11,((36,(1,(47,5))),(40,(50,(31,19))))),48),((16,26),(49,52)))),(23,10),(((((9,30),(27,20)),(34,(44,35))),18),(45,6)));
((51,24),14,8);
((21,46),(51,43));
((((((45,6),(7,((12,41),((37,28),32)))),(50,((1,(36,5)),47))),(((35,44),(((34,(9,(48,(((26,(38,(3,(16,2)))),(52,49)),((42,25),29))))),((20,27),30)),(43,17))),((46,21),(((39,((8,14),(22,15))),(51,24)),(33,4))))),(23,10)),((53,(63,85)),(94,((66,60),98))),((68,((96,87),67)),((((86,75),(92,70)),((62,99),(71,(58,93)))),((((77,73),69),(72,81)),(((88,((56,89),100)),83),57)))));
(14,(24,51),8);
((33,(39,4)),(46,(43,21)),24);
(4,(18,39),33);
(98,(78,79));
((90,(79,78)),98);
(((((85,63),65),80),(91,74)),94,((60,(78,79)),(53,90)));
((39,4),33);
(24,((57,(100,89)),56),((81,(83,88)),(((55,((96,(54,87)),(82,(97,67)))),((73,(69,(95,72))),((77,61),(84,76)))),(0,((((74,(91,80)),((85,63),(53,65))),94),((90,((79,78),98)),(60,59)))))));
(3,(2,16));
((((23,10),(((50,(11,(1,47))),(40,(19,31))),5)),(52,(49,((38,3),26)))),(35,(44,34)),(20,27));
((((36,(32,37)),28),(41,((6,45),12))),(((15,21),13),((((8,14),17),46),24)));
((18,(10,23)),((20,27),(35,44)),((34,(30,9)),(((6,45),((37,32),((41,(7,12)),28))),(((2,16),(((((31,(19,((11,40),50))),(36,(47,(5,1)))),(((42,25),48),29)),(3,52)),((49,26),38))),((22,15),(((33,(43,17)),(((51,24),(14,8)),13)),39))))));
(57,((100,56),89));
((56,(89,100)),57,(88,83));
((58,71),70);
(72,((((81,(88,83)),(100,(89,(57,56)))),(58,((99,62),71))),(((76,69),61),(73,77))),(95,84));
((94,(65,(85,(53,63)))),(78,(79,90)),(59,(66,60)));
(((92,(70,75)),(93,(71,(58,(62,99))))),(98,((66,(60,59)),((78,79),90))),(57,(((73,76),((77,84),(81,(61,95)))),(72,(83,88)))));
((88,(81,83)),73,(69,((84,77),((95,61),76))));
(88,(89,((57,81),83)),(100,56));
((((75,86),(92,70)),(((71,(99,62)),93),58)),(100,(89,(56,57))),(((77,(84,76)),(72,(98,(64,((55,((96,(87,54)),(68,67))),97))))),(95,(69,73))));
(50,(11,31),(19,40));
((11,((19,(31,50)),40)),36);
((8,51),24,14);
((24,51),8,14);
((21,46),43,17);
(((47,1),(5,(36,((11,(31,19)),(40,50))))),((48,(25,42)),29),((38,(49,52)),(26,(3,(16,2)))));
(48,25,(29,42));
(48,(3,((42,25),49)),(16,((38,52),2)));
((33,(39,4)),(((((14,8),13),(17,43)),(21,46)),(24,51)),(22,15));
(((((11,50),(40,(19,31))),(5,(47,1))),36),(((29,25),(42,48)),(2,((16,52),(49,(38,26))))),((23,10),(18,((30,34),((27,20),(35,44))))));
((45,6),((28,(12,7)),((37,32),41)));
(((20,27),(34,(9,30))),((2,16),(((26,((52,49),3)),38),((19,(40,(11,50))),(36,(5,(1,47)))))),(29,(48,(42,25))));
((39,((4,17),(((14,8),(22,15)),((24,(51,13)),((46,21),43))))),33,18);
(((15,22),(17,(((51,(14,8)),13),(43,(21,46))))),18,(((((44,35),(9,(30,34))),(27,20)),(((45,6),((((41,12),(37,28)),32),7)),(10,23))),(3,((26,(2,(16,(52,38)))),49))));
(((23,10),((((29,(((26,(2,16)),3),(49,52))),48),(5,(47,(1,36)))),(38,(42,25)))),(22,(4,33)),(((46,21),17),(((51,24),(14,8)),43)));
((22,(15,(45,6))),(13,(43,(21,46))),(33,(4,39)));
((((7,(37,(32,28))),(6,45)),((((11,(40,50)),((1,47),(5,36))),(38,(52,(49,(26,(3,(2,16))))))),(10,23))),((44,9),(35,(30,34))),18);
(((29,((38,26),(((11,50),(31,(19,40))),(47,(1,5))))),(((10,23),(((37,32),(12,41)),((6,45),(7,28)))),((27,20),(18,((34,(44,35)),(9,30)))))),(4,39),((15,22),(33,(17,((13,(51,(8,14))),(24,(43,(46,21))))))));
(67,((59,66),((90,(78,79)),(98,60))),(94,(91,(65,(53,((74,(85,63)),80))))));
((55,((64,97),((54,(87,96)),(98,((60,(66,59)),(((65,(63,85)),94),((74,(91,80)),(53,0)))))))),82,68);
(68,67,((54,96),(82,(97,64))));
((((58,93),(71,(86,(62,99)))),(70,(75,92))),55,(82,(64,(((96,(54,87)),(67,68)),97))));
((60,(66,(94,(((74,(91,80)),53),(65,(63,85)))))),((96,(67,(54,87))),(((97,68),(55,82)),64)),(((70,92),(((71,((99,62),58)),(75,86)),93)),(81,((((100,56),(89,57)),((95,61),(76,(73,(69,72))))),88))));
((92,((71,(99,(62,93))),58)),((69,73),((84,76),((77,95),(72,61)))));
(97,(64,(82,67)),(68,55));
(((33,(17,(43,(21,46)))),(39,4)),22);
(7,(32,28),(37,(12,41)));
(((17,((((24,51),(13,((((33,4),(22,15)),39),(46,21)))),(14,8)),43)),(10,23)),((((3,(((48,49),52),26)),(38,(2,(16,29)))),(31,(((40,(11,5)),50),19))),(25,42)),((6,45),((12,41),(32,(37,28)))));
(18,15,(13,(22,((7,(32,(37,28))),((36,((11,(40,(19,50))),(5,47))),(((94,(((65,(85,63)),(53,((74,80),91))),(90,98))),(((((56,100),(57,89)),(83,88)),((97,((55,82),64)),(67,(68,(96,(54,87)))))),(95,(69,(((77,73),61),(72,(76,84))))))),0))))));
(31,(40,(19,(50,11))));
(45,6,((32,28),(37,12)));
(23,10,(((45,6),((37,(32,28)),(12,41))),7));
(((((49,(2,(3,38))),(16,(52,35))),(26,(29,(48,(42,25))))),((((19,40),(31,50)),11),(36,((47,1),5)))),(34,9),(30,(20,27)));
((30,((27,44),9)),20,34);
(18,(44,35));
((((52,(((38,(49,26)),(16,2)),3)),((11,(36,(1,47))),((29,(48,(25,42))),(5,((50,(19,31)),40))))),((34,(30,9)),((18,((71,(92,70)),((((89,57),((100,56),(88,83))),((82,(64,(97,55))),((96,(54,87)),(67,68)))),(93,(58,((62,99),(75,86))))))),(27,20)))),10,23);
(9,(35,44),(30,(27,20)));
(4,39,(((51,24),(13,((46,21),43))),(14,8)));
(52,(29,(48,(42,25))));
(16,((49,38),26));
(((12,(6,45)),(((32,37),41),(28,7))),(((11,(19,31)),(40,50)),((48,(42,(25,29))),(5,(1,36)))));
(18,((27,20),(((44,9),(35,34)),30)));
(((94,(66,(59,60))),((63,85),53)),98,(90,(78,79)));
(74,(80,((90,(78,79)),(98,(59,((17,((21,46),((51,((24,((4,((22,15),39)),33)),(8,14))),13))),(((((11,(50,(40,(19,31)))),((((38,(3,2)),(52,(42,(29,(48,25))))),(49,16)),26)),(36,(47,1))),5),(((((20,27),(23,10)),(30,9)),(34,18)),((35,44),((41,((7,12),((32,28),37))),(45,6)))))))))),91);
(68,(64,(97,(55,82))),((87,54),96));
((86,75),71,(93,58));
(96,(87,(((((68,82),55),64),67),54)));
(72,57,((100,89),56));
(6,37,(32,28));
(11,(16,(3,2)),((26,49),(52,38)));
(((67,87),(68,(96,54))),97,((64,82),(66,60)));
(77,(((56,(88,89)),(81,(57,100))),83),(76,((69,72),(61,((84,73),95)))));
(59,(((90,(98,(78,79))),(66,60)),((63,(65,85)),(74,(91,80)))),(((94,(88,(83,(81,(73,((69,((61,76),77)),(95,84))))))),0),((70,92),((99,62),((75,86),(96,(64,(82,(67,(54,87))))))))));
((((99,62),92),((((((((61,(73,84)),77),(69,95)),76),72),(((57,89),100),56)),81),(88,(70,83)))),(71,58),(68,(82,((64,55),((87,(96,(67,54))),97)))));
(34,(45,6),(7,(12,(((37,32),41),28))));
(26,38,(((52,((47,(1,((50,(40,31)),(19,11)))),49)),(3,(2,16))),(48,(42,(29,25)))));
(((12,41),7),32,28);
(50,40,(11,(19,31)));
(36,1,(5,47));
((45,6),(7,((32,(28,(37,12))),41)));
(18,27,(44,(20,35)));
((23,10),((51,(13,(24,(21,(43,46))))),((33,(14,8)),(17,22))),(((((((45,6),41),(12,37)),(32,28)),7),(27,20)),((42,(48,(29,25))),((((19,11),(40,50)),(((1,47),5),36)),31))));
((22,(4,39)),18);
(36,((75,86),((83,(81,(88,((100,(56,89)),57)))),(73,((77,(95,((84,76),61))),(69,72))))),((((94,(60,((((50,(47,(1,5))),((12,(32,(37,28))),7)),18),(((((44,35),(27,20)),(23,10)),(40,((48,(42,(25,29))),((31,19),((((26,3),38),(52,(30,(49,16)))),2))))),(9,34))))),66),59),((65,(63,85)),((90,(79,78)),(53,((80,91),74))))));
((7,45),28,(32,37));
(100,(81,(89,56)),57);
((67,68),(54,96));
(55,(97,64),82);
((45,6),(41,12),(32,(37,28)));
(42,48,(25,29));
(48,((25,29),42));
(29,48,(25,42));
(((16,2),((49,26),(3,38))),(50,((11,19),31)),(25,((48,42),29)));
((65,(63,85)),91,(80,74));
((98,(60,(66,59))),(53,(80,((63,(85,65)),(91,74)))),(90,(78,79)));
(((((64,(68,97)),(82,(54,(67,55)))),96),87),((((80,(91,74)),94),(53,(65,(85,63)))),(66,((59,((90,(78,79)),98)),60))));
(((((77,((73,69),((61,95),(72,((56,81),(89,((57,(88,83)),100))))))),84),76),(((64,((67,82),97)),((96,87),(68,54))),55)),((18,(((((50,((40,19),11)),(5,(1,47))),((((38,16),(2,(26,(48,(25,(42,29)))))),(36,49)),(52,3))),(12,(6,(32,(37,(41,28)))))),((10,23),(((13,(((24,((14,51),8)),43),(17,(46,21)))),(15,33)),(22,(4,39)))))),(((20,27),(30,9)),(35,44))),34);
((((((((69,(95,84)),72),((76,(77,61)),73)),(((100,(83,81)),57),(56,88))),((70,(58,((71,(99,62)),93))),92)),(75,86)),((87,(54,96)),(((64,(55,82)),67),68))),((74,80),((65,94),(85,63))),(53,(((15,(22,((13,((21,(46,((51,17),(8,14)))),43)),(33,(39,4))))),(18,((9,30),(34,(((41,12),((28,37),32)),(7,(45,6))))))),((38,49),((3,((23,((5,(1,47)),((31,36),((11,40),(50,19))))),(42,(25,(29,48))))),(52,26))))));
(52,26,(2,49));
(50,(40,11),(31,19));
((53,(65,((85,63),(91,(80,74))))),((90,(79,78)),98),((60,66),59));
(60,(((78,(79,90)),(91,((53,(65,(85,63))),(74,80)))),(98,94)));
((10,23),32,(((41,12),(((((9,30),((44,35),34)),(20,18)),27),(((39,((22,15),4)),((13,((46,(43,17)),21)),((14,8),(51,24)))),33))),((45,6),(37,28))));
(11,50,(19,(40,31)));
(((((47,1),5),(((50,19),(40,31)),(11,36))),(52,((29,(42,(48,25))),(38,(26,((2,16),(3,49))))))),((18,34),((44,35),(20,27))),(((((32,28),37),(12,41)),(7,(45,6))),(23,10)));
(13,(15,((39,(((46,21),(43,22)),4)),33)),(17,((24,51),(8,14))));
(7,(45,6));
(((49,((26,((16,(3,2)),52)),(38,(((5,(1,47)),(19,31)),(40,36))))),(((35,44),(18,(27,20))),(((37,(28,32)),(12,41)),7))),(23,10));
(36,((((50,40),(11,(31,19))),(1,(47,5))),((((16,(38,(2,3))),26),(52,49)),(29,(48,(25,42))))),(((20,27),((((((17,(43,(46,21))),((14,8),(24,51))),39),33),4),((((32,(28,37)),(7,(41,12))),(45,6)),(23,10)))),(34,(9,30))));
((78,(79,90)),(80,91),53);
(94,((74,80),(91,((85,63),53))));
(94,(((59,66),((90,98),(79,78))),(60,(53,(80,(74,(91,(63,85))))))));
(((90,79),(78,98)),(53,(85,63)),((80,(74,91)),94));
((44,35),1,47);
((((16,2),((((40,11),(31,19)),50),5)),52),(49,3),((((48,25),42),38),26));
((23,10),((6,45),((37,(32,28)),(41,12))));
(((41,12),(37,(32,28))),7,(6,45));
(18,7,((45,6),(32,(37,28))));
((15,(4,39)),((34,((((48,(25,42)),(38,((49,26),(2,16)))),52),((11,((19,40),(50,31))),(((47,5),36),1)))),((20,27),(23,10))));
((7,((37,(41,12)),(32,28))),((22,(((9,(30,35)),44),15)),34),(((24,51),(((14,8),(17,43)),(13,(46,21)))),(((((3,26),(((16,2),49),52)),(((31,50),(11,19)),40)),(47,(5,(36,1)))),(18,(10,23)))));
(51,24,(8,14));
((46,21),43,17);
(((((((49,(16,3)),(26,52)),(48,((29,42),25))),38),(((11,50),(31,19)),((5,(47,1)),36))),33),39,22);
(((14,13),17),((51,24),(46,21)),43);
((31,19),40);
((48,(29,25)),((26,((2,16),(49,52))),(3,38)),((36,((19,31),(11,50))),((1,47),5)));
(((37,(32,28)),(41,12)),7,(6,45));
(33,39,(4,(15,22)));
((18,(27,20)),((((23,10),((44,35),(34,(9,30)))),(((8,14),(24,(13,51))),22)),((45,6),(32,(37,28)))));
(((92,((((58,71),93),(62,99)),((81,((88,((89,100),(57,56))),83)),70))),(86,75)),((68,(10,(((((34,((44,35),(30,9))),(27,20)),(((((47,36),(5,1)),(((50,11),(31,40)),19)),((((2,16),3),(38,(49,52))),26)),(42,(29,(25,48))))),(18,((45,6),((12,41),(28,32))))),23))),((67,(96,(54,87))),(55,(97,(64,82))))),(94,(((90,(79,78)),(59,(66,60))),((53,(91,(74,80))),(65,(63,85))))));
((11,(50,(40,(19,31)))),(47,(5,1)),36);
((45,6),27,20);
((86,58),93,(99,62));
(75,(70,92));
((97,(64,(82,(((87,54),96),67)))),((((77,((61,(69,95)),(72,73))),(84,76)),(81,(83,((88,(89,100)),(56,57))))),((92,(((93,58),(71,(62,99))),70)),(75,86))));
(13,(33,(39,4)));
((21,43),46,(18,17));
(((72,(((73,(95,(76,84))),69),(77,61))),(((90,(79,78)),(((66,60),59),(94,((74,(80,91)),(63,(85,65)))))),98)),(15,0),((((31,(((47,(5,1)),11),(50,19))),(((38,(16,2)),(48,(42,(29,25)))),(26,(52,49)))),3),((43,(17,(46,21))),((8,13),((14,(51,24)),(((((35,44),(9,(34,30))),(27,20)),(28,((7,(45,6)),(37,32)))),(23,10)))))));
(95,(83,57),89);
((86,75),(57,(((88,83),(89,100)),81)),56);
(100,((((73,81),56),(88,76)),((61,84),((83,72),(77,69)))));
((71,((10,23),(((17,((14,8),((((4,39),(((51,24),((46,21),43)),13)),(15,22)),33))),((((9,30),((20,27),44)),(35,34)),((45,6),((32,(7,41)),(37,28))))),((((48,18),(42,(25,29))),(3,((49,26),(52,(2,(38,16)))))),((31,19),((50,(40,11)),36)))))),58,((92,70),(93,(99,62))));
(52,(26,38),((3,2),((29,(42,25)),48)));
((5,(1,47)),50,11);
(18,36,((16,(38,((49,26),52))),((3,2),((25,42),(48,29)))));
((10,23),20);
((((44,35),((34,(9,30)),(20,27))),(((((5,(1,47)),((40,(11,(42,(25,(29,48))))),(19,(31,50)))),16),(52,49)),(38,26))),(22,15),(39,(33,4)));
((87,(67,96)),70,((93,58),((75,86),92)));
((53,65),(85,63),94);
((((67,(54,87)),(68,(82,(64,97)))),(55,96)),75,((((99,(93,(58,71))),(62,70)),92),((61,(72,(76,(95,77)))),((73,(69,(((83,88),57),((89,56),(100,81))))),84))));
(55,(97,82),(68,(87,(67,(96,54)))));
(73,(95,((77,76),(84,61))));
((((82,(64,55)),97),67),((68,96),(54,87)));
(((53,((60,98),(79,(78,90)))),((65,((80,74),91)),94)),((((55,67),((54,(87,96)),68)),(97,64)),((86,(62,(99,((70,(93,58)),(71,92))))),(81,((56,100),((57,89),((83,88),((69,(84,(95,(77,61)))),(73,72)))))))));
((86,75),(55,(((67,(87,(97,96))),82),(64,68))),((62,99),(92,(70,(58,(93,71))))));
(((((83,(81,88)),(86,75)),92),((71,((99,62),(58,93))),70)),((4,39),(13,(((10,23),(((7,(45,6)),(((5,((((19,50),31),40),(36,11))),(47,1)),(29,(42,(48,25))))),((18,(35,44)),((9,30),34)))),(((24,51),(14,8)),17)))),(46,43));
(34,(9,30));
(40,(19,31));
((33,(4,39)),(((((24,51),14),8),22),(15,(13,((43,(21,46)),17)))),((((35,44),(34,(18,(10,23)))),(((29,(48,(25,42))),((26,(38,(52,49))),(16,(3,2)))),((7,(41,(12,(37,(28,32))))),(6,45)))),(((36,(5,47)),1),((11,(31,19)),(40,50)))));
(64,((68,54),((67,((60,((59,(((90,79),78),98)),66)),(94,((53,((85,63),65)),((91,80),74))))),96)),97);
((((7,(45,6)),(23,10)),(((22,15),(((43,((51,24),((8,14),17))),(13,(21,46))),(4,33))),((50,((47,1),(5,36))),((11,(40,(19,31))),((((16,3),(38,2)),((52,49),26)),(29,((48,25),42))))))),(((((78,79),90),98),((59,60),66)),((65,(85,63)),((80,91),74))),((96,(67,(87,54))),(72,((84,73),(((77,61),76),(((89,(100,(56,(57,(81,(88,83)))))),95),69))))));
(31,(23,10),(36,(1,(47,5))));
((20,((27,35),34)),(44,(30,9)));
(((18,(44,(((72,((60,((59,(((78,90),79),(94,((53,(91,(74,80))),((63,65),85))))),66)),(((((81,84),69),(56,((((((((68,77),95),76),61),88),89),57),100))),((73,(71,((92,(((93,99),58),70)),62))),(87,54))),(83,55)))),96),35))),((31,(((19,50),11),40)),(6,45))),(30,34),((39,4),(27,(22,15))));
(92,70,(((93,71),58),(((86,75),(61,((84,76),(73,(72,((((88,83),(100,((57,89),(56,81)))),(((53,((74,(80,91)),(65,(85,63)))),((94,66),60)),77)),(69,95))))))),(99,62))));
((98,(94,60)),79,(90,78));
(53,65,(85,63));
((67,((68,(96,(87,54))),(55,(97,82)))),53,(((98,(90,(78,79))),94),((66,59),((65,(85,63)),(80,(91,74))))));
(94,(85,63),(65,(80,(74,91))));
((((34,9),((30,((67,(97,82)),(68,((96,(((74,94),(91,((65,(63,85)),(((79,78),90),(60,(59,66)))))),80)),(87,54))))),(18,(6,(7,((37,(32,28)),(12,41))))))),(35,44)),((25,(48,(42,29))),(26,((52,((5,(1,47)),38)),(49,(3,(2,16)))))),(27,20));
(98,90,(79,78));
(((87,54),(67,96)),82,((64,97),55));
((((88,((100,(57,83)),89)),((73,(95,(56,61))),72)),81),77,69);
(69,(76,84),((95,(61,77)),(73,72)));
((58,((99,62),93)),71,(92,70));
(((61,69),((84,76),((95,77),((((((100,(89,81)),57),56),83),73),(88,72))))),((70,92),(75,86)),(97,((55,(54,87)),((82,(68,64)),(96,67)))));
((((75,86),((58,93),(70,92))),((100,((57,89),(((83,88),81),56))),(((76,(84,69)),(73,72)),(77,(61,95))))),((67,(68,(96,(54,87)))),(64,(82,97))),55);
(((((65,(85,63)),(53,(91,(74,80)))),(98,((78,(79,94)),90))),(59,(66,60))),((55,((64,82),97)),(68,(87,(67,54)))));
(60,94,(((53,(((80,74),91),(85,(65,63)))),((90,(78,79)),98)),(59,66)));
(0,(94,((80,(74,91)),(53,((63,85),(65,((79,(78,90)),(59,(66,60)))))))),(((68,((67,97),54)),(82,(96,64))),(((92,70),((71,((93,58),(99,62))),(75,86))),((88,83),(81,((89,57),(100,56)))))));
(54,82,(97,64));
((55,67),((96,(68,87)),((82,97),64)));
((55,(64,(97,82))),(68,96),(67,87));
(67,(54,87));
((((60,(98,(90,(79,78)))),((80,((66,91),74)),(65,59))),(94,53)),(68,(((96,87),54),((71,(93,58)),(((99,62),(72,((76,95),(84,(77,61))))),((75,86),(92,70)))))));
((72,((76,((95,69),61)),((88,83),84))),((93,58),((99,(71,((100,(89,57)),(81,56)))),(86,75))),62);
((94,(((98,0),((((91,(74,80)),(85,(65,63))),53),(90,(66,78)))),60)),((75,(70,86)),((69,(((72,73),(84,((77,61),76))),95)),(56,((57,(100,89)),83)))),(68,((96,(54,87)),(64,(55,(97,82))))));
(67,((54,87),96),68);
(4,(((21,(39,33)),24),13));
((13,22),4,((17,(24,51)),15));
((15,(14,8)),((21,46),((13,43),17)),22);
(14,(46,21),15);
(17,(43,(21,46)),(((33,(39,4)),((8,13),((24,51),22))),14));
(10,((20,18),((30,9),34)),(27,((7,(41,12)),((6,45),(((51,15),(13,8)),(((17,(46,21)),43),24))))));
(53,65,(63,85));
(65,(53,(91,(74,80))));
((2,16),(38,((3,(26,49)),52)));
((9,2),11,(((47,50),((31,19),5)),(40,1)));
(30,((27,20),((7,((28,32),((12,41),37))),(6,45))),(((29,((48,42),25)),(22,(((51,((43,(21,46)),13)),(24,15)),17))),16));
(17,22,(((33,(39,4)),8),(43,(46,21))));
(((39,4),((15,22),33)),((21,((((8,14),17),13),43)),(46,24)));
(37,28,(41,(7,32)));
(17,24,(51,4));
(8,(((((24,51),17),13),14),(43,(46,21))));
(3,38,(26,(49,52)));
(13,46,(21,(17,43)));
((46,(21,43)),14,8);
(24,51,(8,14));
(((10,23),(45,(6,((7,(12,41)),(37,(32,28)))))),((((16,((26,3),2)),((25,((52,49),38)),(29,(42,48)))),(15,22)),(33,(43,39))));
((((41,12),(37,45)),(28,32)),(((23,10),((29,((42,25),48)),(49,(52,((((3,2),16),38),26))))),((18,(20,27)),((((30,9),(34,((1,(5,47)),(36,(40,(31,(11,19))))))),35),44))));
(17,(((((((10,((((48,29),16),2),52)),(((6,(7,45)),(12,((32,37),28))),((47,5),(1,36)))),(49,23)),(((26,38),(25,42)),18)),(31,((40,(50,19)),11))),(33,((15,3),(22,(39,4))))),((13,(51,24)),(46,21))));
(((13,(((33,4),39),((22,((34,(18,(9,(((10,23),((((48,(42,(29,25))),((11,50),16)),(3,2)),((38,(52,49)),26))),((6,45),((12,(((7,28),32),41)),37)))))),(20,27))),15))),((8,((46,(43,17)),21)),14)),(51,24));
((((23,(((((35,44),30),(27,20)),9),(34,18))),10),((47,(((40,(31,(1,19))),11),50)),(((52,((6,45),((7,(((12,41),37),32)),28))),(((42,3),38),(48,(((((26,2),16),49),29),25)))),(5,36)))),((51,4),(39,((21,(46,(13,43))),(8,14)))));
((60,59),66,(98,((79,90),78)));
(89,(92,((70,86),75)),(((69,(((((72,77),76),84),95),61)),73),83));
(88,(((((((73,77),95),81),100),57),56),89));
(56,88,(100,(((76,61),(67,((68,97),(82,(55,(54,87)))))),(57,(((94,53),((65,((91,74),80)),(((98,(79,(78,90))),(66,(59,60))),(85,63)))),((((20,27),((9,30),34)),(44,35)),((((10,23),(1,((50,(36,5)),((47,((31,19),40)),11)))),((48,(42,25)),((3,26),(2,(49,(16,38)))))),(18,(33,((17,(22,((21,46),43))),(51,(24,(13,(14,8))))))))))))));
((60,((53,((80,74),91)),94)),98,((90,(79,78)),(59,66)));
(55,64,(97,82));
(77,(((76,73),95),84),(69,72));
(83,((89,(57,(56,100))),(81,88)));
(((75,86),((70,92),((71,(99,62)),(93,58)))),(((((73,72),69),(84,76)),(95,(77,61))),((81,88),(56,((100,57),89)))),(55,(68,(96,67))));
(((((79,(78,90)),98),(60,(66,59))),((65,(63,85)),(53,(91,(74,80))))),94);
(7,(12,41),(37,(28,32)));
((10,23),(32,(28,37)),7);
(15,(22,(((39,4),33),((51,13),24))),(((28,32),37),12));
((9,30),34);
(67,(55,(87,54)),96);
(((((15,43),((17,(46,21)),(14,8))),33),13),39,4);
((17,13),39,(33,(4,15)));
((5,(50,11)),(((16,2),((26,3),(38,52))),(29,(48,(25,42)))),((((((41,7),((12,((6,45),37)),(32,28))),(10,23)),((34,(30,9)),((27,20),((35,44),18)))),(((21,46),(17,43)),((33,(39,4)),((15,22),(13,(14,8)))))),(51,24)));
(((90,60),98),66,59);
(61,(73,69),(77,(95,(76,84))));
(((56,(88,(81,57))),(83,(100,89))),75,86);
(70,(99,62),(93,(71,58)));
(66,((90,(79,78)),60));
((94,(53,((74,80),91))),(60,(66,59)),98);
(34,38,((((15,4),((33,22),39)),(13,((8,14),(51,24)))),17));
((26,((16,2),(52,(25,(((42,48),29),49))))),(7,((37,(32,28)),(12,41))),((23,10),((36,((6,45),(18,(((5,(47,1)),(40,50)),11)))),(((34,(27,20)),(35,44)),(30,9)))));
((((4,39),33),((17,(21,46)),(51,24))),(15,22),13);
(38,(16,2));
(29,48,(25,42));
((((((24,51),(17,(8,14))),(46,(21,43))),((4,(39,(10,23))),33)),(13,15)),(45,6),((32,(37,28)),((12,41),7)));
((46,21),51,43);
(((20,27),((34,18),(44,35))),((45,6),((32,37),((12,28),(41,7)))),((((39,33),22),((46,(21,17)),(14,(51,(24,43))))),13));
((22,15),((13,(14,8)),(4,(39,33))));
(22,(((((44,35),((20,27),34)),(30,9)),(((((47,(36,1)),5),(50,(11,(19,(31,40))))),(((42,(29,25)),48),((38,(52,49)),(26,3)))),((45,6),(10,23)))),(39,((33,(((43,24),18),(((21,46),17),(51,(8,14))))),(4,13)))));
(((((15,22),((13,(43,(17,(21,46)))),(8,14))),(33,(39,4))),51),(((((42,25),(48,29)),(52,((((16,2),3),49),(26,38)))),(((19,(11,31)),(40,50)),((47,1),(5,36)))),(18,((27,20),(((10,23),((30,9),(35,44))),((45,6),((41,12),(37,(32,28)))))))));
(((68,(96,(54,(67,87)))),(98,((((92,(58,(70,(99,62)))),93),71),((((73,(72,69)),(76,84)),(77,(95,61))),(81,(((100,57),89),(56,(83,88)))))))),(18,((37,(41,(7,((32,28),12)))),((45,6),(((20,27),(34,(9,30))),(((23,10),((13,((24,51),(8,14))),(46,21))),(52,(((25,29),((2,16),((38,(26,49)),((((50,11),(31,(40,19))),((1,36),(47,5))),3)))),(48,42)))))))));
((18,((35,((27,20),44)),(34,((((29,(25,(42,48))),(((49,52),((3,(16,2)),26)),38)),((11,(40,(50,(19,31)))),(5,(36,(1,47))))),(((12,41),(28,((37,7),32))),(6,45)))))),(((80,(74,91)),(94,(53,(85,(63,65))))),(59,66)),((81,(57,(((89,88),(100,56)),83))),((((97,(55,((87,((96,67),54)),68))),(64,82)),((58,(71,(62,99))),70)),(((((61,77),69),73),((84,(95,76)),72)),(86,75)))));
(68,((96,(54,87)),67),((97,(0,(((8,14),((4,43),(51,(46,21)))),((13,39),((22,15),17))))),((55,(82,64)),((60,(59,(((91,(53,(80,74))),((63,85),65)),(94,((79,(90,98)),78))))),(81,(((71,((58,(93,(99,62))),(92,70))),(75,86)),((83,((100,(89,57)),56)),(77,(72,(69,(76,(73,84))))))))))));
((99,(93,58)),71,62);
(((95,(77,61)),((69,73),(72,((56,(((89,81),(88,83)),100)),57)))),92,(75,86));
(90,79,(78,((98,94),((60,(66,59)),(((61,((76,95),84)),(77,(69,(72,73)))),((81,(88,83)),(((58,(71,((82,97),((((68,55),(96,(54,87))),67),64)))),93),(((70,92),(62,99)),75))))))));
(8,(14,(15,(22,(33,(46,(43,(21,(17,(24,(51,(13,(39,(4,(35,((16,((((((((1,(5,(((((((((29,42),25),48),31),19),40),11),50),36))),47),3),2),26),49),52),38)),(18,((27,(((34,(((((((((6,45),7),12),41),32),37),28),23),10)),9),30)),20))))))))))))))))));
(1,34,(7,((((((((20,((((((30,(38,((((((((((((((((((((((((((((((((((((((((((80,((((((((((82,((((((96,((((((((76,(72,((((((((((((((70,92),86),75),71),62),99),58),93),73),69),61),84),77),95))),89),57),100),56),81),88),83)),54),87),68),64),55)),97),67),59),66),60),98),90),78),79)),74),91),65),85),63),53),94),22),15),33),39),4),43),46),21),17),24),51),14),8),13),23),10),11),50),40),19),31),36),47),5),42),25),48),29),3),16),2),49),52),26))),18),44),35),9),27)),6),45),12),41),32),28),37)));
(7,(41,12),(45,6));
((18,((23,10),((6,45),(7,((32,(37,28)),(12,41)))))),((((((17,(43,(21,46))),(14,8)),(51,24)),13),(4,39)),33),(22,15));
(((45,6),(((10,23),(37,((32,28),(41,12)))),(((38,26),((3,(16,2)),(49,52))),((50,(11,(19,(40,31)))),((48,25),(29,42)))))),(15,((13,(43,(24,(((8,14),51),(21,(17,46)))))),(33,(39,4)))));
(78,79,(98,90));
((86,75),(99,62),(71,(93,58)));
(92,(93,71),58);
((((53,94),(74,(((85,63),65),(91,80)))),(98,(90,(79,78)))),(((64,(97,82)),((68,(96,87)),67)),55),(70,((92,(75,86)),(((89,(100,57)),(56,81)),(83,88)))));
(29,48,(42,25));
((23,10),(((1,(5,47)),(50,((11,40),(31,19)))),52),(38,((49,((16,2),3)),26)));
((13,(((14,8),(51,24)),(43,(46,21)))),(4,(39,17)),33);
(27,(((((41,12),(7,((6,45),(((((31,19),(11,(40,50))),(((36,47),(5,(38,((26,((2,16),3)),(49,52))))),((48,29),(25,42)))),1),((44,(34,(9,30))),((((((43,17),(46,21)),(8,14)),13),(33,(39,4))),(22,(18,15)))))))),(32,28)),37),20));
((35,44),34,(9,30));
((((9,(30,34)),((35,44),(20,27))),18),(7,((41,(28,(12,(37,32)))),(45,6))));
((45,6),((((12,41),28),32),37),7);
(((80,(74,(91,53))),(60,((90,94),((59,66),(79,78))))),(((39,22),(33,4)),((14,8),(13,((24,51),(17,43))))),(((10,23),(((((52,((50,((40,19),31)),11)),(1,(38,((3,(48,(42,(25,29)))),26)))),49),(36,5)),((((28,(32,(41,12))),37),(7,(45,6))),((20,27),(44,(35,(34,(30,9)))))))),15));
(22,(7,(6,45)),24);
((((8,14),((24,15),(33,(4,39)))),(43,17)),(46,21),18);
(76,72,((((((((((88,57),100),89),56),84),95),77),61),69),73));
(((((94,(63,65)),85),53),(91,(80,74))),(76,((72,77),(73,((95,(84,61)),81)))),(0,(((55,64),(67,68)),(82,97))));
(72,(92,70));
((73,56),95,((((83,89),100),81),76));
((((((95,76),61),(89,83)),(100,(((((69,84),77),81),57),56))),73),88);
((61,(88,(96,(((64,(82,55)),67),(97,(54,87)))))),((57,((58,(86,(92,75))),(71,((99,62),93)))),83));
((83,(69,((66,(((79,90),78),59)),(((80,(53,91)),74),((65,(85,63)),94))))),((((29,((((52,26),49),16),48)),(((40,(50,(31,19))),(1,(36,(47,5)))),38)),((23,10),2)),(((((4,39),(8,14)),((33,51),24)),(17,(21,(46,43)))),(15,22))),((((((27,20),18),(35,44)),(9,(34,30))),((6,45),(12,(7,(41,(28,32)))))),(25,42)));
(78,(79,90),98);
((80,74),((((85,63),94),(91,65)),((53,(60,(66,59))),(98,(79,78)))));
((((((89,100),57),(76,(84,(77,((72,(69,73)),(61,95)))))),((56,83),81)),88),(60,(59,66)),(((91,80),(53,74)),(65,(85,63))));
((67,(96,(87,54))),97,(64,(68,55)));
(((69,(((73,(76,84)),(77,72)),(61,95))),((86,75),(92,((99,62),(71,(58,93)))))),(((68,(67,(54,87))),(64,(97,82))),55));
((72,(((95,(84,76)),(86,75)),((77,61),(73,(((62,99),(71,(93,58))),(69,((57,(100,(56,89))),((83,88),81)))))))),98,((60,66),(94,((80,(91,74)),((65,(85,63)),53)))));
(56,((100,57),89));
(88,(((70,92),(99,71)),73),(58,(86,75)));
(56,(((((69,(61,(((((95,77),76),84),73),72))),83),57),100),89));
((86,75),(93,(62,99)),(71,(58,(92,70))));
((62,((92,70),(58,(71,99)))),75,86);
(73,(((((100,89),57),56),61),72),69);
(((72,(((76,84),61),69)),(95,(88,((((81,89),100),57),83)))),77);
((82,(55,(97,64))),67,(96,((54,87),68)));
((8,14),(24,((17,46),43)),21);
((22,15),13,(33,(39,4)));
((21,(8,14)),((46,(24,17)),13));
(21,(43,46));
((4,22),21,17);
((((((6,45),((37,((32,28),41)),(12,7))),(23,10)),((30,9),(34,((27,20),(44,35))))),(3,((49,18),((48,(((((16,52),26),38),29),42)),(2,25))))),(((43,17),((24,51),(8,14))),33));
((36,((31,(50,(((3,((2,((38,26),16)),49)),52),((((5,47),11),19),40)))),1)),18,(34,((20,27),(((((45,6),((28,32),((41,(37,12)),7))),(23,10)),(15,(24,(51,(((17,(21,46)),13),((14,8),((43,(33,4)),39))))))),(9,30)))));
((10,((34,44),23)),20,27);
(18,(6,45),((30,(((35,(23,10)),(39,((((14,((4,43),8)),(21,46)),((17,(22,15)),51)),(24,13)))),9)),(7,(32,((41,12),(28,37))))));
((((((33,13),((4,39),22)),(8,(51,24))),(15,(14,(43,21)))),(((((49,(2,16)),(3,(26,38))),52),((27,20),((36,((31,(40,19)),11)),(48,((25,42),29))))),(((12,41),(7,((37,(6,45)),(28,32)))),(47,1)))),((44,35),(34,(9,30))));
((79,(90,78)),((((66,59),(((85,60),(53,((91,80),74))),(63,65))),(98,94)),((62,(87,(97,(82,(55,64))))),(72,((93,((((((((((89,100),56),83),77),61),76),84),95),69),73)),57)))));
(91,(98,74),80);
(63,((55,(68,(((54,(67,87)),((97,82),64)),96))),(((27,20),(((39,(14,8)),(33,(13,21))),(((((35,44),(((38,(47,50)),((11,26),(19,(40,31)))),(5,(1,36)))),52),(((51,24),(29,((42,48),25))),2)),((16,(23,49)),3)))),(((10,(12,(37,((7,(45,6)),(28,(41,32)))))),15),(((30,9),34),18)))),(53,59));
((84,69),77);
((71,(58,93)),(62,99),(70,92));
((58,(93,(71,(62,99)))),(87,((64,97),82)),68);
(15,(39,4));
(43,((51,24),13),((8,14),(21,46)));
((6,45),32,(28,37));
((41,12),((32,28),37));
(94,(59,66));
((66,59),90,(79,78));
((66,59),(90,(79,78)),60);
(98,(90,(79,78)));
(((((80,91),(65,(85,63))),74),53),60,((59,66),((90,78),(79,98))));
(94,((59,(60,(90,((79,78),98)))),(((65,53),85),63)));
((((((55,(54,96)),(87,(67,68))),(97,(82,64))),((92,71),((62,99),(70,81)))),((((89,((57,56),83)),100),(88,(61,(((84,73),(72,(76,95))),69)))),(86,75))),((65,(85,63)),(53,(91,(74,80)))));
(((((((72,((77,61),73)),(69,95)),(84,76)),(((89,(100,81)),(88,83)),(57,56))),(70,92)),(75,((20,(27,17)),((((25,(48,((((16,2),3),(26,((49,52),38))),(29,42)))),(((((9,(30,((6,45),(12,((32,(41,7)),(37,28)))))),(35,44)),18),10),34)),23),(22,((33,4),((13,((51,24),(8,14))),(21,46)))))))),98,((79,(78,90)),(60,(94,(53,(((63,85),(80,(74,91))),65))))));
(81,(((((61,(72,(69,73))),95),(84,(76,77))),(((((58,(86,75)),(71,(((98,((90,(79,78)),(66,(59,60)))),((74,80),((94,(((((((((42,29),48),26),49),((52,((2,16),3)),38)),(18,((35,44),((30,9),(34,(27,20)))))),(((31,19),(40,11)),50)),(5,(47,1))),36)),(91,53)))),((65,63),85)))),93),(62,99)),70)),(56,(83,88))),(100,(89,57)));
((63,((85,65),53)),60,((59,66),(98,(90,(78,79)))));
(53,((65,63),85),((91,80),74));
(94,65,(85,63));
((98,(90,(78,79))),(66,59),(((63,(65,85)),53),(74,80)));
((96,((54,68),(67,87))),((11,(((3,(29,((((((47,16),26),49),42),25),48))),((52,2),(5,(19,(31,40))))),(36,38))),(((10,23),((45,6),(12,(37,((28,32),(7,41)))))),((33,(39,4)),(43,((46,21),((51,(24,((8,14),17))),22)))))),(94,(((91,(80,74)),(53,((63,85),65))),(98,(60,(78,(79,90)))))));
(7,(12,41),(28,(37,32)));
(7,(45,6),(34,(((20,(9,30)),(((50,40),((3,(((42,25),(29,48)),(((49,52),(26,38)),(16,2)))),((5,(36,47)),((31,19),1)))),18)),(22,15))));
(((29,((25,42),48)),26),(16,2),(49,38));
((38,26),((2,16),3),52);
((36,(5,((11,19),(31,40)))),1,(3,47));
(((8,14),(((4,22),((17,(43,(46,21))),(51,(39,24)))),33)),(48,29),(25,42));
(18,(((49,((23,10),(7,(16,(2,3))))),(26,((((34,(45,6)),(30,(27,20))),9),52))),(38,((48,29),(25,42)))));
(47,((36,5),1),(11,(19,(50,(40,31)))));
(18,((23,10),((((((42,29),25),(52,49)),(2,(26,38))),48),(3,16))),(((34,30),(9,(7,(((28,(37,32)),(41,12)),(6,45))))),(35,(20,27))));
((((70,92),(93,(62,99))),58),(((88,(57,(100,89))),81),(73,((72,(95,(76,84))),69))),83);
((40,(19,31)),50,11);
(11,(50,((31,19),40)));
((13,39),43,(46,21));
(4,(24,51),14);
((7,(32,(37,28))),(41,12),(45,6));
(47,36,(5,1));
(43,17,(46,21));
(((8,14),((15,22),(21,((13,(24,51)),(46,43))))),30,(36,(9,(((((20,27),(6,(((32,28),(37,12)),7))),(10,23)),((35,(44,1)),(((48,(25,(42,29))),(5,(40,((11,50),(31,19))))),(49,((26,((52,(2,3)),16)),38))))),34))));
(18,33,(((17,(43,(46,21))),(15,22)),(13,(24,51))));
((30,((44,35),18)),(34,9));
(((45,((12,(28,(7,(32,37)))),41)),9),30,(18,(((36,(1,47)),(((29,((((2,16),3),26),(49,(52,38)))),48),(25,42))),(50,(11,(31,(19,40)))))));
((12,(((6,45),(7,41)),(20,27))),((((5,1),(36,47)),(11,50)),40),(23,10));
(34,(9,30),(27,(35,44)));
(((((58,(93,71)),(70,((62,99),92))),(75,86)),(((82,(64,97)),(((68,55),((87,54),96)),67)),((((56,((89,57),100)),(((95,73),69),((61,(77,76)),(72,84)))),88),83))),((((27,22),20),((44,(35,18)),(((34,((((40,(19,11)),31),50),(1,5))),(((37,32),((28,(41,12)),7)),(45,6))),9))),(33,(13,(((8,14),(24,51)),(43,(21,(17,46))))))),(36,(23,10)));
((91,(74,80)),53,(65,(85,63)));
(94,(78,(90,79)),98);
((((24,51),17),43),(8,14),(21,46));
(35,(34,9));
((79,78),98,90);
(((66,60),(94,(((63,85),65),(53,(91,(74,80)))))),83,(((88,77),((84,((69,81),(((54,96),(67,(82,97))),64))),((73,((95,61),72)),76))),(89,(56,(57,100)))));
((((66,59),60),(98,(90,(78,79)))),94,((53,(74,(91,80))),65));
(((((59,((((85,(65,63)),(91,(80,74))),(98,(90,(79,78)))),66)),(53,94)),60),69),((76,(((73,61),72),84)),95),(77,((75,86),(92,(70,((58,(93,(62,99))),71))))));
(((76,((95,61),84)),((86,75),((62,99),((71,58),93)))),56,(88,(((83,73),77),(((57,100),((70,89),(92,(((60,((59,66),(65,(98,(78,79))))),(53,94)),((((((49,((42,(48,25)),29)),(26,38)),(52,(3,(16,2)))),(47,(5,(1,36)))),(((10,23),((6,45),(18,((44,34),((35,(27,20)),(9,30)))))),(((43,(39,4)),33),(13,(17,(21,(46,((51,24),(14,8))))))))),(31,((11,50),19))))))),(72,(81,69))))));
((38,26),2,52);
((3,49),16);
(38,(((3,16),(52,(49,((((1,(5,(47,36))),((50,11),(19,(40,31)))),((10,23),(37,((41,12),((6,45),(28,32)))))),((48,(29,(25,42))),(96,((54,(67,(68,((((94,(((85,63),65),((80,(91,74)),53))),59),66),((98,(90,(79,78))),0))))),87))))))),2),26);
(91,80,((53,(74,(65,(85,63)))),(94,(66,((60,59),((78,(79,(90,98))),(((55,(67,(96,(87,54)))),((82,(64,97)),68)),(83,(((92,70),(71,(93,58))),(((57,(100,89)),((84,76),((95,(((69,72),77),61)),73))),((81,(75,86)),88)))))))))));
(((90,(78,79)),98),(53,(65,(85,63))),94);
(19,((((50,(47,1)),11),31),40));
((((((29,25),42),3),26),49),52);
(38,52,(22,15));
((10,23),(((45,((7,(((32,37),(28,41)),12)),6)),(34,((30,(27,20)),9))),((42,((48,29),25)),((((11,(50,(31,19))),36),((5,40),1)),47))),44);
(36,(33,(46,17)),(22,((24,51),(14,8))));
(7,(45,(41,(32,(28,37)))));
(15,22,((24,(51,((43,46),21))),(8,(17,13))));
((22,((39,33),4)),(41,(7,((37,(28,32)),(12,(45,6))))),((((26,(3,38)),(((31,(36,11)),(47,(52,(5,(19,40))))),(49,(2,16)))),(29,(48,(42,25)))),((34,((44,(18,35)),(30,9))),(23,10))));
(18,((((20,44),(((9,34),35),(27,30))),(48,((26,((36,(47,(5,(31,((50,(40,19)),11))))),38)),((2,16),(23,10))))),((4,33),((24,((46,43),21)),14))));
(((((7,(12,41)),(45,6)),((34,(10,23)),((((9,(((((((3,2),16),52),49),26),38),30)),(20,27)),(18,((((31,19),(1,((36,47),5))),(50,11)),(48,42)))),(44,35)))),(25,29)),((4,(((24,(17,51)),(8,14)),22)),(13,(39,((43,21),46)))));
(48,((16,2),26),42);
(71,58,(93,(99,62)));
(((((81,((77,(76,95)),((72,69),73))),(88,((56,(100,89)),(83,57)))),(86,(98,((78,90),79)))),(((96,67),((55,(64,82)),(68,54))),87)),((93,58),((70,92),(71,(62,99)))));
(((97,(68,((55,(82,64)),(87,(67,(54,96)))))),(((94,(98,((66,59),60))),(((74,(91,80)),(65,53)),(85,63))),(56,(((88,57),89),100)))),(((((12,((37,((41,32),28)),7)),(6,45)),(((5,(1,47)),((31,((11,19),50)),(40,36))),((9,(34,(30,(20,27)))),((35,44),((((((24,14),(4,39)),(22,15)),(33,13)),8),51))))),(23,10)),18));
(75,94,((54,((68,(87,67)),(55,(82,(96,97))))),(((49,((3,((19,((31,(11,40)),50)),(36,(5,(47,1))))),(52,((48,(25,(42,29))),38)))),(23,10)),(((12,((32,(37,28)),(7,41))),(6,45)),(((30,(44,35)),(15,((14,8),(((((51,24),((46,21),17)),(39,4)),(43,13)),33)))),(18,(9,34)))))));
(71,(93,58),(62,99));
((94,(65,(85,63))),60,((98,(78,(90,79))),(59,66)));
((9,30),(((7,(37,((12,41),(32,28)))),((43,((((8,14),24),51),((((20,27),15),(22,17)),13))),(21,46))),((36,(5,(47,1))),(33,(4,39)))),34);
(35,(((30,34),(23,10)),9),((44,18),(53,((80,(74,91)),(94,(73,((((86,75),(70,(92,((58,(99,62)),(93,71))))),(72,(84,(61,95)))),((76,((((96,(54,87)),67),(68,55)),(64,(82,97)))),(77,69)))))))));
(56,(81,100),89);
(56,(83,(100,89)),57);
(81,(56,((100,89),57)),(88,83));
(((((77,84),(76,73)),(69,61)),72),(57,(56,(((89,88),(81,83)),100))));
((73,69),61,84);
(((75,86),((58,71),(62,99))),92,70);
(((69,((95,(((56,((57,100),89)),83),(81,88))),72)),73),(77,(61,76)));
(100,(89,57),56);
((81,(88,95)),83,((77,(84,(61,76))),(72,(73,69))));
((100,(81,((88,(89,57)),(56,83)))),((70,92),((58,93),(71,62))),((75,86),((69,73),((61,77),(84,(95,76))))));
((68,96),(67,(54,87)),(55,((64,97),82)));
(((49,3),(38,26)),16,2);
((12,41),(7,(32,28)),(45,6));
(((34,(9,((45,6),(7,(41,12))))),30),((22,(33,(4,39))),15),18);
((98,(90,(79,78))),94,(63,65));
((((54,(87,96)),68),((82,(97,64)),(55,67))),(((98,(90,(79,78))),(((53,(65,(63,85))),(80,74)),((60,66),(((((23,10),((34,(30,9)),((((29,48),(42,25)),(44,35)),(27,20)))),((52,49),(16,(3,2)))),((11,(40,((19,31),50))),((47,1),5))),(((37,(28,32)),((7,(12,41)),(6,45))),((33,((17,(43,(46,21))),(24,(13,(51,(8,14)))))),(15,22))))))),94));
(((69,((77,(61,95)),((84,76),72))),73),((75,(((62,99),(58,93)),(70,92))),86),((100,(83,(89,57))),88));
(((((90,(78,79)),((63,85),(65,53))),98),(((74,80),91),60)),(((17,((((51,(24,(8,14))),(43,(21,46))),(13,((((39,22),4),(((3,(((38,(16,2)),(52,49)),26)),((11,(40,(31,50))),(5,(47,1)))),(18,(30,(34,9))))),((10,23),33)))),((7,(((28,(32,37)),(12,41)),6)),45))),15),0),((((((96,87),82),68),(55,(97,64))),67),(((70,92),(((93,58),(71,(62,99))),(75,86))),(57,((84,83),((56,88),(89,(100,(77,(((61,72),(69,(95,76))),73))))))))));
(52,3,(2,16));
((40,50),19,31);
((((15,43),17),((22,((4,((24,51),13)),33)),39)),(((23,10),(44,35)),((30,(9,34)),(20,27))),(18,(45,(28,(32,(7,((41,12),37)))))));
(28,(12,41),7);
(((((((15,4),39),33),10),((17,13),21)),22),(((31,((11,(40,50)),19)),(((((1,47),5),(38,3)),26),((48,42),((25,29),(2,(16,(52,49))))))),((12,41),(37,(28,32)))));
(((((5,(20,27)),(44,35)),(9,(34,30))),18),((1,((36,((40,(31,19)),(11,50))),(3,(2,16)))),((26,38),(47,((29,((48,25),42)),(49,52))))));
(64,82,(((96,(54,87)),(97,67)),((((((58,93),(92,((62,99),71))),70),((((((((57,89),100),56),81),83),(88,72)),(69,73)),(77,(76,84)))),(75,86)),(((53,66),((79,78),(60,((((((((46,(43,17)),21),13),((51,24),(8,14))),33),(((23,(10,((41,(((45,6),7),(12,(28,37)))),32))),(18,(34,((27,20),((9,30),(35,44)))))),((((11,50),36),1),(((48,(((49,38),(16,2)),26)),((25,42),29)),47)))),22),59)))),90))));
((((59,66),(60,(98,(78,(79,90))))),(88,(83,((56,(57,89)),(81,100))))),(75,86),((71,70),((62,99),(93,58))));
((23,10),(45,6),(7,(37,(32,28))));
(((((((8,14),17),((43,(46,21)),(24,51))),13),(33,(4,39))),(15,22)),((35,44),(9,(((27,20),30),34))),((23,10),((47,36),(11,((19,40),50)))));
(61,(70,((93,58),(71,(99,62)))));
(56,57,(83,88));
(((57,100),(89,56)),81,88);
(61,(84,((77,72),(69,73))),(76,95));
(91,(85,(65,63)),53);
(97,(82,64),55);
(67,68,(54,96));
(98,79,(90,78));
(74,91,(85,63));
((94,(65,(74,(91,80)))),53);
(34,(35,44),(27,20));
(((((11,((19,31),40)),50),(36,(5,(1,47)))),18),(((6,45),(7,(32,(37,(28,(41,12)))))),(((34,((35,44),(9,30))),(20,27)),(10,23))));
(((96,(87,54)),((68,(82,64)),97)),(75,(((62,99),(71,(58,93))),(70,92))),86);
(((60,(66,59)),(90,98)),(71,((((88,((56,(89,57)),100)),(83,81)),((69,(((95,77),73),(61,(76,84)))),72)),(92,((62,99),(58,70))))));
((((86,75),((((61,77),(72,((((84,95),76),69),73))),(((89,(56,81)),(57,100)),(88,83))),(((((62,99),93),(58,71)),(92,70)),(55,((64,((97,((96,87),67)),82)),68))))),((53,((80,(91,74)),(65,(85,63)))),((98,((90,(79,78)),60)),(66,59)))),((24,((43,(46,21)),(8,14))),((((33,((15,22),(39,4))),(((((5,36),((11,(47,1)),(50,(31,19)))),((2,16),(3,((52,(48,(42,(25,29)))),(26,38))))),(45,(10,23))),(41,(28,(32,37))))),13),(17,51))));
((94,(53,((80,(74,(63,85))),91))),((98,(79,78)),(66,59)));
(98,(((65,(63,85)),94),(74,(91,80))),((90,(78,79)),((59,60),66)));
((83,(((89,57),100),(88,56))),73,((61,95),(((72,69),84),(77,76))));
((72,((73,(81,((83,88),(89,((100,57),56))))),(95,(77,76)))),61,84);
(70,92,((58,93),((99,62),71)));
(((((62,99),(93,(71,58))),(86,75)),(70,92)),(((81,88),((((57,100),89),56),83)),(((95,(76,84)),((73,(69,77)),61)),72)));
