(21,((8,14),(33,(39,4))));
((13,((24,((((17,43),46),21),14)),8)),(22,15),((33,(39,4)),(((23,10),((((5,1),(47,36)),((50,((40,19),11)),31)),((3,(((52,26),16),2)),(49,38)))),((32,(7,12)),41))));
((((((19,31),(11,50)),40),(((49,16),(3,((52,(2,26)),38))),(29,(25,(48,42))))),((1,47),5)),((6,45),7));
(((55,(97,(64,82))),((68,(54,96)),67)),(((98,((78,79),90)),(66,59)),(53,(65,((91,74),80)))),((75,86),(((71,(70,(99,62))),(93,(92,58))),((81,83),(((77,(76,72)),(88,69)),(61,(95,84)))))));
((24,(17,(46,(21,43)))),(33,(39,4)),(13,51));
(91,((74,80),53));
((1,47),(50,11),(5,36));
((47,(1,((36,(50,(11,(19,40)))),5))),(((44,35),(((20,27),(9,(34,30))),18)),((7,(41,((37,32),(28,12)))),((((17,(46,(43,21))),(14,13)),(8,(51,24))),22))),(10,23));
(((((91,(80,74)),(85,63)),53),65),((60,66),(98,(90,(79,78)))));
(70,(75,86),((71,93),(99,62)));
(((19,31),(40,(50,11))),((47,1),(5,36)));
(13,(17,(18,15)),39);
((((16,3),((2,(52,49)),38)),26),((47,(1,(11,(((40,31),19),50)))),(5,36)));
(((74,91),(53,80)),65,(63,85));
((75,86),((61,((95,(84,76)),((77,(73,72)),69))),(92,((93,((99,58),71)),(62,70)))),((94,((56,81),((57,(89,100)),(88,83)))),(((80,74),((65,(85,63)),(60,(66,59)))),((90,78),79))));
((13,((24,51),(8,14))),(15,(4,39)));
((33,22),39,4);
((44,35),(1,(36,(47,5))),(15,22));
((86,75),((56,((((((((((77,84),61),73),72),95),76),69),100),89),57)),((83,88),81)));
(48,((26,((((((((1,((((((((((10,18),9),34),11),40),31),19),36),47),5)),42),25),2),3),16),49),38)),30));
(((89,(83,56)),88),81,57);
(94,(15,((((44,(34,(30,9))),35),((20,27),((10,23),((5,(47,(36,1))),(((2,16),((52,49),(11,(50,(19,31))))),3))))),(4,(39,33)))));
(30,9,(20,27));
((35,44),34,(20,(((((45,6),(((28,(37,32)),(10,23)),(12,41))),(5,((((48,(((16,(((52,38),49),2)),(3,47)),26)),29),36),(((46,(((33,39),13),24)),(4,(21,51))),((14,8),(22,15)))))),27),(18,(0,((((94,((80,(91,74)),((60,(66,59)),(79,(78,90))))),(65,(63,85))),(81,((75,86),((73,(((69,77),76),84)),((61,(100,((83,(88,72)),((57,89),56)))),95))))),((67,(68,(87,54))),((64,82),(96,55)))))))));
(35,(20,27),44);
(((((18,(((51,24),33),((46,(21,17)),(((14,8),(4,39)),13)))),(15,22)),(44,35)),((7,(41,((12,(6,45)),(28,(32,37))))),((20,27),(30,(34,9))))),((23,10),(48,((29,(25,42)),(38,((3,26),(16,2)))))));
(((85,63),65),(94,(74,(91,80))),53);
(67,(((68,((97,82),64)),55),(87,54)));
((((18,(44,35)),((48,((42,29),25)),((49,(((16,((26,3),2)),52),38)),(11,((36,50),(5,(47,1))))))),(23,10)),(((27,20),30),9));
(((((45,6),(41,(7,12))),((37,28),32)),((((47,36),5),1),(((48,(29,(42,25))),(2,((((49,52),26),38),16))),3))),(((34,((20,27),35)),(9,30)),44));
((36,(((1,47),(((9,((18,34),(30,(27,20)))),((10,23),(33,(((((43,((51,24),(8,14))),(17,(21,46))),(22,13)),4),39)))),(((29,(48,(25,42))),(6,((32,((((37,12),41),28),7)),45))),((38,((26,((3,2),16)),52)),49)))),(50,(11,(40,(31,19)))))),((((((91,80),74),(94,((65,(63,85)),53))),98),(66,59)),((79,90),78)));
((58,93),(62,99),71);
(((((13,17),((51,24),(14,8))),((46,21),43)),(22,15)),((((27,20),(36,18)),((9,(34,30)),(35,44))),(((42,25),(29,48)),((11,(50,(31,(40,19)))),((16,2),(((52,3),(26,49)),38))))),(45,((7,41),(((32,28),37),12))));
((20,27),34,(9,30));
((((45,6),(41,(12,(37,(28,32))))),((17,18),((73,(((72,(((77,61),84),69)),((81,(88,83)),56)),(95,76))),((((99,93),(71,(58,62))),((86,75),(92,70))),((98,(90,(79,78))),(60,(66,59))))))),10,23);
((((31,(((40,19),11),50)),((48,(42,25)),((18,(3,((26,((2,16),38)),(49,52)))),((23,10),((((27,20),(30,9)),(34,(35,44))),((6,45),(7,((41,12),(28,(37,32)))))))))),(5,1)),47,36);
((55,(97,(82,64))),((96,67),(87,54)));
((35,44),((30,9),(((6,45),((7,(28,(37,32))),(41,12))),(27,20))));
((20,27),(18,(((((((48,((25,29),42)),(49,((3,(52,38)),26))),(2,16)),((11,(19,(50,(31,40)))),((36,5),(47,1)))),(((22,15),17),(((45,(((7,12),6),((41,28),(37,32)))),(10,23)),((33,(39,4)),((8,14),((13,(24,51)),(43,(21,46)))))))),(30,9)),34)));
(35,44,((((12,((32,28),(37,41))),7),34),9));
(4,13,(46,21));
((((2,16),(26,3)),(52,(((48,42),(25,29)),((((47,(19,((40,31),(50,11)))),((36,5),1)),(((27,20),(9,(30,((44,35),(34,18))))),((45,6),(7,(37,((41,12),(28,32))))))),((((14,8),((43,(17,(46,21))),(13,(51,24)))),(15,22)),(33,(4,39))))))),49,38);
((99,62),86,75);
(53,((98,(66,59)),((39,33),(((17,(46,(21,43))),(24,(51,(8,14)))),(22,15)))),(60,((((97,(55,(82,64))),((54,67),(96,87))),68),(((72,(((73,(77,95)),69),61)),(76,84)),((99,62),((92,70),((71,(93,58)),(86,75))))))));
(((75,86),((58,93),(71,(70,92)))),83,(56,(81,(88,((100,89),57)))));
((((9,30),(44,35)),34),((10,23),((45,6),((41,12),(7,(32,(37,28)))))),((((5,(47,1)),(((31,19),(50,11)),40)),(((3,(2,16)),(26,((52,49),(25,(48,29))))),(36,38))),((22,(39,4)),18)));
((((30,(35,44)),((20,27),18)),34),((45,6),((32,(28,(7,(41,12)))),37)));
(((9,((18,30),((20,27),34))),(44,35)),23,10);
((45,((((26,3),(52,((16,2),49))),38),42)),(25,48),29);
(24,51,(((14,8),((4,33),39)),(13,(17,(46,21)))));
(60,((63,85),65));
(49,(2,3),38);
(((43,(13,(21,46))),(17,((14,8),(51,24)))),((18,(34,((35,44),(((41,(12,(28,(37,32)))),6),(7,45))))),((36,(47,(1,5))),(50,(19,(((49,2),((52,(29,(42,48))),(3,(26,38)))),16))))));
((6,45),(7,((37,28),(32,(41,12)))));
((90,(79,78)),98);
((((23,10),(((50,(11,(1,47))),(40,(19,31))),5)),(52,(49,((38,3),26)))),(35,(44,34)),(20,27));
((33,(39,4)),(((((14,8),13),(17,43)),(21,46)),(24,51)),(22,15));
((55,((64,97),((54,(87,96)),(98,((60,(66,59)),(((65,(63,85)),94),((74,(91,80)),(53,0)))))))),82,68);
((92,((71,(99,(62,93))),58)),((69,73),((84,76),((77,95),(72,61)))));
(18,15,(13,(22,((7,(32,(37,28))),((36,((11,(40,(19,50))),(5,47))),(((94,(((65,(85,63)),(53,((74,80),91))),(90,98))),(((((56,100),(57,89)),(83,88)),((97,((55,82),64)),(67,(68,(96,(54,87)))))),(95,(69,(((77,73),61),(72,(76,84))))))),0))))));
(72,57,((100,89),56));
(36,1,(5,47));
((45,6),(41,12),(32,(37,28)));
(48,((25,29),42));
(((((64,(68,97)),(82,(54,(67,55)))),96),87),((((80,(91,74)),94),(53,(65,(85,63)))),(66,((59,((90,(78,79)),98)),60))));
(((((77,((73,69),((61,95),(72,((56,81),(89,((57,(88,83)),100))))))),84),76),(((64,((67,82),97)),((96,87),(68,54))),55)),((18,(((((50,((40,19),11)),(5,(1,47))),((((38,16),(2,(26,(48,(25,(42,29)))))),(36,49)),(52,3))),(12,(6,(32,(37,(41,28)))))),((10,23),(((13,(((24,((14,51),8)),43),(17,(46,21)))),(15,33)),(22,(4,39)))))),(((20,27),(30,9)),(35,44))),34);
(7,(45,6));
(18,7,((45,6),(32,(37,28))));
((15,(4,39)),((34,((((48,(25,42)),(38,((49,26),(2,16)))),52),((11,((19,40),(50,31))),(((47,5),36),1)))),((20,27),(23,10))));
(((((((49,(16,3)),(26,52)),(48,((29,42),25))),38),(((11,50),(31,19)),((5,(47,1)),36))),33),39,22);
((((82,(64,55)),97),67),((68,96),(54,87)));
(((53,((60,98),(79,(78,90)))),((65,((80,74),91)),94)),((((55,67),((54,(87,96)),68)),(97,64)),((86,(62,(99,((70,(93,58)),(71,92))))),(81,((56,100),((57,89),((83,88),((69,(84,(95,(77,61)))),(73,72)))))))));
(94,(85,63),(65,(80,(74,91))));
(67,((54,87),96),68);
(4,(((21,(39,33)),24),13));
(10,((20,18),((30,9),34)),(27,((7,(41,12)),((6,45),(((51,15),(13,8)),(((17,(46,21)),43),24))))));
(8,(((((24,51),17),13),14),(43,(46,21))));
(((13,(((33,4),39),((22,((34,(18,(9,(((10,23),((((48,(42,(29,25))),((11,50),16)),(3,2)),((38,(52,49)),26))),((6,45),((12,(((7,28),32),41)),37)))))),(20,27))),15))),((8,((46,(43,17)),21)),14)),(51,24));
((60,((53,((80,74),91)),94)),98,((90,(79,78)),(59,66)));
((9,30),34);
((17,13),39,(33,(4,15)));
(68,((96,(54,87)),67),((97,(0,(((8,14),((4,43),(51,(46,21)))),((13,39),((22,15),17))))),((55,(82,64)),((60,(59,(((91,(53,(80,74))),((63,85),65)),(94,((79,(90,98)),78))))),(81,(((71,((58,(93,(99,62))),(92,70))),(75,86)),((83,((100,(89,57)),56)),(77,(72,(69,(76,(73,84))))))))))));
((18,((23,10),((6,45),(7,((32,(37,28)),(12,41)))))),((((((17,(43,(21,46))),(14,8)),(51,24)),13),(4,39)),33),(22,15));
((((((95,76),61),(89,83)),(100,(((((69,84),77),81),57),56))),73),88);
((61,(88,(96,(((64,(82,55)),67),(97,(54,87)))))),((57,((58,(86,(92,75))),(71,((99,62),93)))),83));
(73,(((((100,89),57),56),61),72),69);
(94,(59,66));
(((((((72,((77,61),73)),(69,95)),(84,76)),(((89,(100,81)),(88,83)),(57,56))),(70,92)),(75,((20,(27,17)),((((25,(48,((((16,2),3),(26,((49,52),38))),(29,42)))),(((((9,(30,((6,45),(12,((32,(41,7)),(37,28)))))),(35,44)),18),10),34)),23),(22,((33,4),((13,((51,24),(8,14))),(21,46)))))))),98,((79,(78,90)),(60,(94,(53,(((63,85),(80,(74,91))),65))))));
((98,(90,(78,79))),(66,59),(((63,(65,85)),53),(74,80)));
(34,(9,30),(27,(35,44)));
((91,(74,80)),53,(65,(85,63)));
(18,((((20,44),(((9,34),35),(27,30))),(48,((26,((36,(47,(5,(31,((50,(40,19)),11))))),38)),((2,16),(23,10))))),((4,33),((24,((46,43),21)),14))));
(81,(56,((100,89),57)),(88,83));
(((69,((95,(((56,((57,100),89)),83),(81,88))),72)),73),(77,(61,76)));
(100,(89,57),56);
(((69,((77,(61,95)),((84,76),72))),73),((75,(((62,99),(58,93)),(70,92))),86),((100,(83,(89,57))),88));
(64,82,(((96,(54,87)),(97,67)),((((((58,93),(92,((62,99),71))),70),((((((((57,89),100),56),81),83),(88,72)),(69,73)),(77,(76,84)))),(75,86)),(((53,66),((79,78),(60,((((((((46,(43,17)),21),13),((51,24),(8,14))),33),(((23,(10,((41,(((45,6),7),(12,(28,37)))),32))),(18,(34,((27,20),((9,30),(35,44)))))),((((11,50),36),1),(((48,(((49,38),(16,2)),26)),((25,42),29)),47)))),22),59)))),90))));
(97,(82,64),55);
(((((62,99),(93,(71,58))),(86,75)),(70,92)),(((81,88),((((57,100),89),56),83)),(((95,(76,84)),((73,(69,77)),61)),72)));
